path	oracle_key	trace_sha256	trace_bytes
bin/demo/graphic/ev/d020/item_224/anm/d020_item_224_c002.tranm	6df0c3fd02e67a1783adc3ae12db2e9802b1bac6d58335209cf0d202bdb2bc76	a2d0388aa6f542d32a77abd6dc9062e173627b9acfc306220e369158503fda17	11471
bin/demo/graphic/ev/d020/item_224/anm/d020_item_224_c003.tranm	b240c3ca3774d1788bca0900dd8c2a6b149ba9036cb29e4770c2c8abbce0829c	cd027b2fc1e78e7176ee80fe7aa033a7763b03aa5667d3dac5c71c28cde84d98	8651
bin/demo/graphic/ev/d020/item_224/anm/d020_item_224_c004.tranm	8295c82ea4cfcf11b53655648646667a742a9e8249c2e35940427d48e3d1180a	5cbf86d20c87072003ad2d9e5031b992946f741c8ee1b945a9304fd1aa59c10a	6953
bin/demo/graphic/ev/d020/item_224/anm/d020_item_224_c006.tranm	e67fa2471e1f9b45ebf779f1b22b411940727df3d8a0927416a5a38d09ea0e88	d21adbbf6cfae19815cdc7343d2346f9a5c20948061e366a8eb156990993c43a	13465
bin/demo/graphic/ev/d020/item_224/anm/d020_item_224_c007.tranm	48e0a80b3ff5a65cdef6be8d25dd8b16d6e99923f8d07d1884e5efd7ca49a898	c98ee1de6b16d85234cce00ed79656c9a5b2a3d73143caa25eb8325a486e449e	9197
bin/demo/graphic/ev/d020/item_224/anm/d020_item_224_c008.tranm	8a25fccb1dc0b73e9ec29ff7065804471f05f4ba481646d8db01b7359fd345a0	4482b7a2d647fb5820e5566e7c89ad1599bd2d75ebff41ad1640ded9f688a12d	10909
bin/demo/graphic/ev/d020/item_224/anm/d020_item_224_c009.tranm	29f3946f2c7b9b8db501d817f8fa4bd0f913a70c7ba75b6c33ae572114cb656d	59bb4634a9771125f93be12a7091437aa185e95174dbfdf223f7b90215e430a3	9133
bin/demo/graphic/ev/d020/item_224/anm/d020_item_224_c011.tranm	1c0115c19a1ad9d34cc27b8ad12d9b7d648a1eea94d11c6b58c3793be0f8da64	3eb6d8536dd393c965dcccdf22beacf47f21bc62b985e77f8be4722cbdfde23c	5583
bin/demo/graphic/ev/d020/item_224/anm/d020_item_224_c012.tranm	341f54eef52d5daffd435849f00f1d87e91da824b5408b3efcad056d32c45b31	24391e6b9ae8dc1abef78400f1caa80cec343f0c212a9e91c2d33527ddd7086e	10109
bin/demo/graphic/ev/d020/pm0493_11/anm/d020_pm0493_c006.tranm	a87559c4b1de2f44c3df0075626ec97bfd8ef4c359014fb82f6d117ed21c750a	744dd4bc82dee8ca2eaed89f29832e0c67de913ac913e6a1643d5fd3fb39bccd	55582
bin/demo/graphic/ev/d020/pm0493_11/anm/d020_pm0493_c007.tranm	b19167bfb144ec182680b1a67b07bfdd293f46c15be2c46140f2a0827c92823d	6b1826c9ad1898260298fa009fb665688c1bc7de429f338f511c7702bb11b2a5	45864
bin/demo/graphic/ev/d020/pm0493_11/anm/d020_pm0493_c008.tranm	c286a1835d53a37b5e9b4a6a296875ec255124fe7cf6c8c19bbb2c008b567a6e	86335cc2dec522d39da089e8780ae50208c5d6427590718923f4c2261c48a158	45497
bin/demo/graphic/ev/d020/pm0493_11/anm/d020_pm0493_c010.tranm	b5ca35f7a7e60d740b2f2fda3923e048938d1d2f21398c52a0a32b1230fb76fa	a13e54449b96dfd35d39af1df9cbd132a5d4e82f11a73a265df6ff57aaf2bf5e	25669
bin/demo/graphic/ev/d020/pm0493_11/anm/d020_pm0493_c012.tranm	02c29418a2aa066be9a4208ae03f94c7a92fa0a0d7eb3cf5be061be1a8765ba6	717fedf219041ddc79e6351c16266fa0c70ea91be1ee570f4440f32162a85f8b	62781
bin/demo/graphic/ev/d020/shr_locator01/anm/d020_locator01_c005.tranm	88dae13cd65b995260cc1221504389b19e2f49edeed96a6ea5598e3c41fac65f	5f5c3728bd77351799e716498175b0a2f22a4fa7d5e10fa41c85825d13e5a564	2336
bin/demo/graphic/ev/d020/shr_locator01/anm/d020_locator01_c012.tranm	5aaac6375c6b2f0c8d744d1eac739f2879e583cfe3b3b61b3bb20e0377c53519	b431fe26615e28dbb8adee84d5ae9706455dfeb81821ea4203a8db67b8d9bfc8	27613
bin/demo/graphic/ev/d020/shr_locator01_line/anm/d020_locator01_line_c005.tranm	06bbf2dbb364baa9e979e8961b760a45c682bc8baa217d49a4def7ec52ceec46	8d1d14d8ffff7ba6ccf4559927402882b9adccede259f3d7bd88d553b7554bb9	1814
bin/demo/graphic/ev/d020/shr_locator01_line/anm/d020_locator01_line_c006.tranm	aa7cc0b162040336ed5908b82cd6470d177e95434f4dde32bed2aada1eb2a45a	bd9be3315feaff711cf9577a6f8b7972370a9a73b0582b79a30b1568c6d3311f	6572
bin/demo/graphic/ev/d020/shr_white01/anm/d020_white01_anim.tranm	f0fd7741421ae42b630f809583309ff0a17c0955bcd47364e3eb9aad93976075	9264f18f32d8c175d63788accc42467d4152dc84bf28953cd3a12d3271f50dee	1991
bin/demo/graphic/ev/d110/lightanim/anm/d110_loc_anim_c005.tranm	d3a998b57e15bbb8ffc167110405b8b73b7612ac8751e9801a3b2c2f6c9ac24d	e7d85c03f0a920eaeca0bf24026dfa7671b14940167c12d96ef49e675ff9e262	358
bin/demo/graphic/ev/d110/pm0399_00_00/anm/d110_pm0399_anim_c003.tranm	d9d0a4d9c1bd902225d4bea7960650c294e389ed46548cbb3d2bca5305e79740	f853c5f0946071b55ae280a59d660c9d86c723d638b8caf751351f1f55bd6b45	74770
bin/demo/graphic/ev/d120/d120_loc01_Lightanim/anm/d120_loc01_lightanim.tranm	fa00ef90bd05e1e047759655b1bc9a6882518da9f9893187bcee4c9aba80ad38	4e67fa53f846d3900aa38bbaab9864326df13c83f10794916677610038f99068	9065
bin/demo/graphic/ev/d120/objects_area01_tree02/anm/objects_area01_tree02.tranm	f5cda7846d353648816d2b168500b94ed4bf4276dc2d901b68fc8455d914cf42	85ce990d2f4d61b7efcb87381cf595a48bde958dfe4bcd262e47ae1ba92baed6	9951
bin/demo/graphic/ev/d120/pm1002_00_00/anm/d120_pm1002_anim.tranm	57ff60c4f235fb932ba4a13447e8e39a27a5a0700947a0d89ed8e7519d0c2461	22b03e1fea85b633b324c0a0814e35e71ea5808426b5945084603ff74e90d59b	529429
bin/demo/graphic/ev/d130/nusi_lightanim/anm/d130_loc_anim_01.tranm	2507e3d70b73f997e669b3bee68bbfbcf74a944f23d2d3980a611ce6fb52200d	4e8ea4e736a62fe8089e2950f3934b7c0f0eb12d3012ebdcfdf9896bcb593ace	17576
bin/demo/graphic/ev/d130/nusi_lightanim/anm/d130_loc_anim_02.tranm	b649a7d744be1bdbe3c1736fab2ed8ff43c404fee528cbf75b51cdb228d029d0	abded51fe7100a8b4bef5b30e1a44a178cbcf4e08ca2130197c112c913307532	10829
bin/demo/graphic/ev/d130/pm0549_00_41/anm/d130_pm0549_anim01.tranm	7da309aac78e9075f756bbe5d2a3d9e4a86a55afaac602f06dcb04d5a2e8e35c	a9dbf8bb073a9af3c98e7252508446f80dbae6af815027a1b1f66c5518ffba87	391436
bin/demo/graphic/ev/d130/pm0549_00_41/anm/d130_pm0549_anim02.tranm	605fd87ae7acec9eeeeb970377ab8803b334046091632355395e81b9dc94d4c1	9cb752b89df47889aafb82e76e87286ab782a945c222d9b482b5f02b0d136563	248097
bin/demo/graphic/ev/d140/motion/anm/d140_tr0016_anim_c003.tranm	e097c008cfef984aeb0077ff3a29f380d1d43717649b57c62c1103f8b21c1ff5	8ed6cf1e5febae54a3ff4a0862ea99f9bdc551a93139cea2b0faa95b3e698ed8	29184
bin/demo/graphic/ev/d140/motion/anm/d140_tr0016_anim_c005.tranm	0d640669c6d25d0c5cb2a51f200116cf274757abb66b1ab70be43be3bccb5e31	434ea9ef3f34a3e17d3ea52b39a0967a9a21766440e8c599e7bc69315b846a3b	124668
bin/demo/graphic/ev/d140/motion/anm/d140_tr0017_anim_c003.tranm	41a62dc035198abd0f6d51b5bfd90263b079c2fa10873fc8a36793142d1eabd0	47721fec8100286a56dd9ed484edc010dd123f94f8559727c072d330b1876060	82404
bin/demo/graphic/ev/d140/motion/anm/d140_tr0017_anim_c005_006.tranm	9248c93d3334b6681bdbcaa1f541fee4b5e324d34708366691a7d6772e1b45ba	eaf6e0b371b5682a4ae2e396ddc3994d4ac3104f06e6f0652f1e7d2a6639d1ad	283320
bin/demo/graphic/ev/d140/motion/anm/d140_tr0017_anim_c008_009.tranm	db47db080ec981577db2f44433c1c385ea9e57a9742af4946e3e230da0afd9fa	a437d1b112aeab92b12f7d723f0018229629da387f7ebdba5e410a5710f8154b	242448
bin/demo/graphic/ev/d140/motion/anm/d140_tr0033_anim_c001.tranm	1fab69757960a8960cda6e38b7d06d975abecf89ccd2d2f9d9ac82b8d58c5244	9f30037e6a22aeac7c088393952f76b97bbce3fd6a7569f893db903480f456e0	58004
bin/demo/graphic/ev/d140/motion/anm/d140_tr0033_anim_c007.tranm	99f924f5a17cdaf7f83eea8aa7664148177ed568a2b32933b801cf5ffc7d0210	e98533dccb73709b7c3c0222d7688433bccd708635dde44422a1fa2d66c77866	141112
bin/demo/graphic/ev/d140/motion/anm/d140_tr0034_anim_c001.tranm	f1334144c32426c5c6ff6f0ce6e1f1b87a32f7a48080b47e90c0a2df625728e4	7ccaa1923402179ad3d5b3a5efbf6492178d616ff2551fd08c47c8432ef0555f	84094
bin/demo/graphic/ev/d140/motion/anm/d140_tr0034_anim_c007.tranm	a904014d35b36fc3ded138238e52d3fd64f3a1839dd9976d9ed3917b73c3f818	ed5b730f479567b9a57685b5db408a61f647130d0db516240d4cec9f8d30e49d	266060
bin/demo/graphic/ev/d140/motion/anm/d140_tr0035_anim_c001.tranm	202f873c4e6c02320cf523f5889fc21a85919fc8bb03546aa8fa59ea39167fd7	c1c58a7e2faf2666b5fb127ce5d1b1fd17df9c46eaa8d4671631b60e70d3b931	67310
bin/demo/graphic/ev/d140/motion/anm/d140_tr0035_anim_c007.tranm	dc2fedf742a5de88a3e05197a5c92ea80ea46bee5173b7fe2d33f001ccfbdc82	7db4dd92e40e12bc7e3ee2ff45efb5d6266b0c7780d9937b69f919d2a4a5979d	187688
bin/demo/graphic/ev/d140/nusi_lightanim/anm/d140_loc_anim_c010.tranm	fe5cccf2aaff4d5e4d2f9cda1bea2be9d2efb64bbe207b8026f8d06fdf84095a	20af93c281a21b1672bdf7a3c4f8253522fc2676d2c0c033dc802e2fb11e7e58	5456
bin/demo/graphic/ev/d140/nusi_lightanim/anm/d140_loc_anim_c011.tranm	869da5fb422ab0a3f234724bb51fff1c131927f7669209fd1121061c90e03d30	b704519eac7c4442d12a2b9764a0fe63b5a18c779e31c04588c4cd5400540ce0	2024
bin/demo/graphic/ev/d140/pm0058_00_41/anm/d140_pm0058_anim01.tranm	b5f810b8f50e314dc7569b353106703b9fb0011e29a7a42952641638c2d0b0fd	76deb223ee03ab329396c77f54167b02076a6ea326df63c1f9b455bcdd51178d	22016
bin/demo/graphic/ev/d140/pm0058_00_41/anm/d140_pm0058_anim02.tranm	11b908ce7d759d106afa20cc93452ee9d1a3606d1418152e32e7b8c15cc8cdb5	49562bab86c23630f67dc8e42df1911129e8535752fbb64f2863a7e0f26f35a7	51984
bin/demo/graphic/ev/d140/pm0059_00_41/anm/d140_pm0059_anim_c004.tranm	39caeb9b329dab5ef7b56f8b00441d8a3b87261bf7c0e22d51a31d6515bb27e0	3f7ea307b8c11bf34f74d1fd5ecf38d9429d964a8670b7bff9c0bdb042e71a59	213388
bin/demo/graphic/ev/d140/pm0059_00_41/anm/d140_pm0059_anim_c007_02.tranm	2994a93fb2b8d0d2ef81525a807cdf92b4d039c30ebc6f6b847fea3024f4a67e	86ae61fd70f4f6cd906a0d89af1cbbee37e24b7057c2d6c3845872c3cee710d3	18245
bin/demo/graphic/ev/d140/pm0059_00_41/anm/d140_pm0059_anim_c010.tranm	4a8152cbd2eef66ee204a572a971915f1aa06e26942ce968eb3cf914611bc538	e33af79156ceb3f80ef18cbfea2d5a6b2267f5c4c0861e56b25edafa96ed4b06	311238
bin/demo/graphic/ev/d140/pm0059_00_41/anm/d140_pm0059_anim_c011.tranm	a28d2cb7b19450ce8323c0162f8198ccda16cf5e3c12baf7e1afc4d3cd6b9198	5f872b3507a5ca8b8c8764dc2d390d2ca28fd0e606816ea238dfa5453b4fff71	55984
bin/demo/graphic/ev/d141/nusi_lightanim/anm/d141_loc_anim_c002.tranm	ef772e31304407118a1430e7f919b0e207b287c4ab5286daaa73bb14ead1cecd	b0e89448ebe21ddd5c713bfcc0da74662387bd31efe1d9c06e78540aa74068e5	2957
bin/demo/graphic/ev/d141/nusi_lightanim/anm/d141_loc_anim_c003.tranm	eda5a23adcf7e4de35da2faec19838dbb744deb89dbabbb7dbca830b745b8536	ef4efbe3a4cfbbd7071588594b36708ee25a14cd4198bc440df117b2ad68f548	4991
bin/demo/graphic/ev/d141/nusi_lightanim/anm/d141_loc_anim_c004.tranm	2c5d1c716d6dde29fa4ec64376dc55c5016c5977e7a4dc1e71a4eb691e212520	b6640f1a34c703e022d5a74d184bd03ea529511ec1da1d7eb77e65a7b57d8a4b	2759
bin/demo/graphic/ev/d141/pm0059_00_41/anm/d141_pm0059_anim_c002.tranm	a829c9933d13b252bb98f14deed290150e516f3b0cab8fdbdf7c6ef6a3a8dfea	fc7bc4d736011529eb016f232dca7f5ce5aa57352b6b3946cdf01bfc5d1f63b9	161996
bin/demo/graphic/ev/d141/pm0059_00_41/anm/d141_pm0059_anim_c003.tranm	58efa829191b45d1e511b4c56c39ed40b137a63d511752a0689ee73b5c2053fa	0fe4d56383725e34d7d6143b7d22eb3604217585de45b914643dc3c0abbf8dea	421547
bin/demo/graphic/ev/d141/pm0059_00_41/anm/d141_pm0059_anim_c004.tranm	5848b6140e9578979382c1e3f897a0289b21ffa5a48d4778fa59a3a979c2d77e	177116bd2f5a0a13a22e33c02c3d91c08a273652094a62693e1f227111d6effa	213865
bin/demo/graphic/ev/d150/d150_kingtree/anm/d150_c002_kingtree_anim.tranm	fb7be0d7944da37c49ba6d085d250db0cc7893a83747a5474eec62211d41e7d7	f3797047d45b64f102073e450b6e25e5dd14302168101fe8594aa3ed33bfbc50	10176
bin/demo/graphic/ev/d150/nusi_lightanim/anm/d150_loc_anim_c004.tranm	1851285ceaba6c3dad3614bc9fcd0f0d7339bb88503613843a1e637646bf7c69	51f315815d06bdf6030739e9edb78ee0ad5793dd88c2ba7d77672becbafd8dc2	4308
bin/demo/graphic/ev/d150/nusi_lightanim/anm/d150_loc_anim_c005.tranm	21ec1599f5e9f0149e2a16706224d619ffa3ad35dce8df1ab22d8272fcb81620	8f2144d78e5b3cdeff24e6da5f1bee3ff6e362cdff80800dfd71903bb50a155b	13992
bin/demo/graphic/ev/d150/pm0100_00_41/anm/d150_pm0100_anim01_01.tranm	f81487e398271a7200a87908a3f29480f241d62de2eafb4e7e3e84a468839fad	23a06c7eddc432945f8c4d8a2dc96d4225731ba67aa03fd0a26e16ca77536b0f	2708
bin/demo/graphic/ev/d150/pm0100_00_41/anm/d150_pm0100_anim01_02.tranm	2e06fdd20b3aacf96f3a267cffe14f481aab56c34a0ad65be74cab271a4afdf4	a06e648dc36eea1969ed969be0d3c703e520c04602a6d956e9881cd7bf1381f1	2396
bin/demo/graphic/ev/d150/pm0100_00_41/anm/d150_pm0100_anim01_03.tranm	279dc574dad2d058032a160bc138a6ef4845470f3e79c76e1e2919b444c9dfb4	c3cd084c92ec980904451ff59c79f0bcb5b314071ffed6089217341f258daa28	2628
bin/demo/graphic/ev/d150/pm0100_00_41/anm/d150_pm0100_anim01_04.tranm	77c6ab5294d97cf686e39afba27f527b18d57a71eec09ea39159cf014f76f0d2	d46113ac8e73d93d709474ce70f9ac32e079c287cccde5650e452e8d9cb3c107	2044
bin/demo/graphic/ev/d150/pm0100_00_41/anm/d150_pm0100_anim01_05.tranm	c2043ad08e44d041d3b48e3868a5fbde9d444241442123af548286a9602f3f7f	0a9e76ddbb8f4ea65c880107a8a5a9c471d9e0eaef2a07a081fa796270ef5832	2408
bin/demo/graphic/ev/d150/pm0100_00_41/anm/d150_pm0100_anim02_01.tranm	c32190c9076bc703d924c37135d89da5224663881d8046246fb21f31a00f644c	685c629796f984fa6ed52b7814e2714040bc3d18a5fa49e4f1551fb56fa6e3c5	15732
bin/demo/graphic/ev/d150/pm0100_00_41/anm/d150_pm0100_anim02_02.tranm	15816db1bb44268fea7896bbef4b9c309d2609727f32cb1294bc28e5bf5a0a80	f7a6ae40dd5837e47243dbfecf809552b2d53402034e9177d6a6ae7f0d84e0ee	13280
bin/demo/graphic/ev/d150/pm0100_00_41/anm/d150_pm0100_anim02_03.tranm	2abec0e5487a1dd0f4c5c656b65909ab2c2333bca7c7ca8d6bf61ca722d27515	ec6ed753a3db173163595b9a2d00471e78d31f5c05be51b0ef8c2aa9d35052f3	13844
bin/demo/graphic/ev/d150/pm0100_00_41/anm/d150_pm0100_anim02_04.tranm	1be95b733affb2b3f2ab45575f8051768faba545c64aa91747935cdc8adb624b	95886f27ebfbb7b5a1f082e60e87af629b2678f5bcd2a877fc6d06e9031099d1	12228
bin/demo/graphic/ev/d150/pm0100_00_41/anm/d150_pm0100_anim02_05.tranm	4e417019edcbf92087b7287fc6980781e37045667647c16daa2ddf5ed725e359	654dfa611f4e05ac3dde8efc9a34d672d7643bf8bf9a81c7abc84604e1971051	14692
bin/demo/graphic/ev/d150/pm0101_00_41/anm/d150_pm0101_anim01.tranm	71519c3297070bcfa784e31232dde6e2f9508d2f09bdc0aa4cc85662adcd111c	7b4fda50373be76d32104e7c5ea40c4faf383364b82451e9c4c88f325050fdca	3108
bin/demo/graphic/ev/d150/pm0101_00_41/anm/d150_pm0101_anim02.tranm	6903eb3967e371828e605d6ae29986f7fa527c88ab6cc5c35549dd536c264d5f	8cc9e9c3943e675490993beda9ec628a67b49f9908ca5565f511b4352d621db0	19972
bin/demo/graphic/ev/d160/d160_backsnow/anm/d160_backsnow01_c007.tranm	87930b4d9d89f0cbad0b486a943ec55f9bc120558d7c84e32ce05c0c9f1d97b7	256fb16084501b56e7584646c089f4f196ba800be0af592abf1f4309cbadb790	20026
bin/demo/graphic/ev/d160/d160_backsnow/anm/d160_backsnow02_c007.tranm	988c4caff5a0d1433da4c90c83024e618e9143e09a8ba7a624ad89dcc50b13c3	74fb5653b19671ac857bb1d96915b87cd48a0ff17447e915fa16d38748d8f0df	34446
bin/demo/graphic/ev/d160/d160_backsnow/anm/d160_backsnow03_c007.tranm	b04fecc04badcee545af66e555eca4adcbbc77b7cb730cd3452f1b34817233ff	197b48b20e2b180d288d7a055fe453ecbc92c781efc9144833a99a9ffdff0419	8270
bin/demo/graphic/ev/d160/d160_backsnow/anm/d160_backsnow_c006.tranm	b46a3722e6fba5e7b6623a02ff8f1d31e26dc16fd20477ab8e25a2f54536bbba	86fcbb054258e9143ead4cd57c2c2e0080636d70f428e096477576809ef6151f	26822
bin/demo/graphic/ev/d160/lightanim/anm/d160_c007_loc01_anim.tranm	12544dbce406fba11d4cb5b7e0b1a5bcce84a1478bf30ad63bce2dbe07b91c72	b4b85589fb819907585970d7e4e169ff0869aa6cdf9d35ccf5ffb3a2c7fc048b	4359
bin/demo/graphic/ev/d160/lightanim/anm/d160_c008_loc01_anim.tranm	2e4d29ff6bdf403375f4ece227aed1bc6bf295d7adaf50c7f470bea9c2707d6d	4b568c845f72449de74b1f1f1607a8074a6eb4ea573812843ab18aa66058712a	3969
bin/demo/graphic/ev/d160/pm0751_41/anm/d160_pm0751_41_c006.tranm	382117f1a40ea3414d14e7ffe29e95383b5b96fe830c7db1201bb1adcdf732b5	b9f91e382cde43b99f4c88998b547949e3cf8362c7050cbfaa8e43f1161b00b5	51982
bin/demo/graphic/ev/d160/pm0751_41/anm/d160_pm0751_41_c007.tranm	8f0447dc8cbeb7c75f0bd4cb984907bff9a45536023ff851a16c350d38d8f55a	b989344d173a858881eadc6b88873f7304bf34eca5aaff0e9f32da98ce284e70	84175
bin/demo/graphic/ev/d160/pm0751_41/anm/d160_pm0751_41_c008.tranm	eeb7847b585d26e0c0cd337f95069268bc13bff20062e2a3bb0d622dbdd096e7	53a3164efc97d3eaf069a4f4829207df518698a05cd63ce7c027e4b1efe2e27b	100126
bin/demo/graphic/ev/d170/item_255/anm/d170_item_255_c001.tranm	fa6f76375299572adae95784965f0eb6d2afaeaf9b0f7d6e4e13623f7e930acc	ba6eecf7c394dc33fe5a0dd4a40f75602eb12aa468157ea46ca72df5b4d45b81	43557
bin/demo/graphic/ev/d170/item_255/anm/d170_item_255_c002.tranm	bfd9269c10bb1286332f7827a065784e644bbe4c550834cc506562c70b918da7	797c44147e5048d01fcc44d1c3b0142958e6fcd39edb6f10eaa7e7483a9a9c84	127677
bin/demo/graphic/ev/d170/item_255/anm/d173_item_255_c002.tranm	323248fa02750b7b065666e05f4856710414bfb08ce027f2615a746064846ba3	711249bf870ee2e8b37633d23d93133de680e184d625e28efe7763eeb9b47c1f	127345
bin/demo/graphic/ev/d170/item_255/anm/d174_item_255_c002.tranm	fd27218170db2d1775ccd1b15e44eb90ed8c50ba0c9f250ade0ec39b824daffd	4d48716f12e1ce6b861a64093893de36f1f0d25593790575e28517600107e792	127281
bin/demo/graphic/ev/d170/item_255/anm/d175_item_255_c002.tranm	177aaa2bd11629cad31302fd172078d2808bf64086b67c15663c44a337810e55	17593bc1529811cdce0cf62fef8055014c3176c93845265c851fadd187cd3369	127249
bin/demo/graphic/ev/d170/item_255/anm/d176_item_255_c001.tranm	721f1e115f3a0cc010947214b179d5559f47aaa6fb2134088ccd7645788b7f7d	1f167b2b8b59bab411a25c18175f8cd11b8b24b213f219f10c187776f37e0446	43937
bin/demo/graphic/ev/d170/item_255/anm/d176_item_255_c002.tranm	2a8bd8f5ba93297069022b67f8e06adfcbad5d8be70535ac6757981a1569de71	e9a1138f9f8e3ae0503839d425324df805d9093f67c24ed07402c75e3fe04f5d	126861
bin/demo/graphic/ev/d170/lightanim/anm/d170_c001_loc01_anim.tranm	178f0f63fb23247996bcd376242e40529749cc20ddce789f5dc24535d083be19	29c1f24be1b78090fafa74d61bd06af5d4ee88bbcd2b0db17b47619b8c99c69c	1629
bin/demo/graphic/ev/d170/lightanim/anm/d170_c002_loc01_anim.tranm	f7862457742cb03f07cb2ab7c8016cd86f8f23443fe75aa374234fb3ed2fd079	377632d18e81a56d9f9e659f23cef0519f9d188d548801e1aa45325d3de53f45	1609
bin/demo/graphic/ev/d170/lightanim/anm/d170_c004_loc01_anim.tranm	f4047d906a40254d4bed6548dc90cde0e69d8af8a165cc14d5ab3f823c685702	d83fb4e757423813ef7de14b1c8e6e18709bd80f7ac4b9814e069fb3d5096afb	2019
bin/demo/graphic/ev/d170/lightanim/anm/d173_c001_loc01_anim.tranm	86044ec46a77fa8c6c5414d766ac3d56c026db54e03be68e64993bd35359b5e4	fb6a84187ddb2b615bf72024fd5ff0447daf8ddfe422d5c36c0fce2f4c1efece	1629
bin/demo/graphic/ev/d170/lightanim/anm/d173_c002_loc01_anim.tranm	c7638c835f5bb76386760e2279b2141b542fa1b70d40ca56c84b1563e4e43613	49badb5b56ddd383560aed6cd8a27c361c095ef0f09bbb718a1d676d59a9a55b	1489
bin/demo/graphic/ev/d170/lightanim/anm/d174_c001_loc01_anim.tranm	91a2084476bcbf361d06a4b0d522074b85487a0e0ca08de1c4d4be083bc8791b	0aa94e101526239b78f563fd4dd17ba0c1663bfe16bdadf2e078ff197803fabd	1629
bin/demo/graphic/ev/d170/lightanim/anm/d174_c002_loc01_anim.tranm	00cbde166a345ddae9254bbd8999c8b6ffc661a88f65220b25a4fcdfddc4975f	d43448d9f0b518fb3e3c98ed3bb00b8d632b451412ed45d06463b85623425ab2	3845
bin/demo/graphic/ev/d170/lightanim/anm/d175_c001_loc01_anim.tranm	bc4da8ee10831634a065ec751c475d0a3691794b7200d769cd06caf90d82dc91	57a1526e2d795aa5639872245a1cff00fc529c63365b8d06e80e369c60f934e2	1629
bin/demo/graphic/ev/d170/lightanim/anm/d175_c002_loc01_anim.tranm	58dba73fe166ae1b6eb445574c184f89ba16d471230c99de04228a4d65d032d7	1c03f654a43df197a1d6e2693866789bf032457963acb7258f3c6faa09cd9443	1321
bin/demo/graphic/ev/d170/lightanim/anm/d176_c001_loc01_anim.tranm	5c8911733ff1d1612c06aa2a5fa58b32030378165235e6b61abe9cc406acbfd3	582bb3b945eb5b00ececcebf4c9de42b2dc7b2b9d706640c6009b4de449abc86	2973
bin/demo/graphic/ev/d170/pm0059_00_41/anm/d174_pm0059_anim_c001.tranm	fc51fa9ff3488eff2d31655fee55d13fe13826a0a1d4a6219f43997da06d7977	8e88b26060c4be61c4337302ef0d81395c7f269b20d3afcd325ca974aae9bf15	183634
bin/demo/graphic/ev/d170/pm0059_00_41/anm/d174_pm0059_anim_c002.tranm	54ff566b93b9526f77eb778ce9edb83b1c879e89115dad3dc427a08591bafd8d	f60ff344c2cd5254acd290f3d172c3850893bbea2a4a18ebf92a6ba86ac91a77	130413
bin/demo/graphic/ev/d170/pm0059_00_41/anm/d174_pm0059_anim_c005.tranm	805e366a801965f228fb6cd22c467ad81e09c3c11f204621678667c32aecc5dc	abec8e7384d23d1b4bc6b88cbe2ccf014c5e7421b2c3a115017e5e045d670224	215963
bin/demo/graphic/ev/d170/pm0101_00_41/anm/d175_pm0101_c001_anim.tranm	a543164068f912455e4814ac8216ba605fad34726ded424467fe281882dae495	7b5ee39f568645400012ae0903c14f60c1dc5a15d1805a1d480b0b16a0d729d0	6555
bin/demo/graphic/ev/d170/pm0101_00_41/anm/d175_pm0101_c002_anim.tranm	6289ab641e9f264d8b9479a55738fa19dad032e79d06ed445800ae88417a12a8	f17fd85080a305c7d5240dcdb6e1e0a759a6ab37b24a77946a1f1c4bf270c8ce	7640
bin/demo/graphic/ev/d170/pm0101_00_41/anm/d175_pm0101_c005_anim.tranm	f4fcb5ecccc4c76b7b3522c346fefc0379f103d404ef4f86c761658116908ba8	041c884c43a5ed6b0ed91836c18bfc32a0e2db4a39e9b7fc9c806369f6942b9f	13971
bin/demo/graphic/ev/d170/pm0549_00_41/anm/d173_pm0549_c001.tranm	950ec67f8229d1c88fbb56d835d15046451120c5b13765a62896946fa05def34	13c9c4caf902aa1c0f280ce96e4508cf8d9a69f34848240451ab213f02f0cfdf	93287
bin/demo/graphic/ev/d170/pm0549_00_41/anm/d173_pm0549_c002.tranm	49d9e46e4680d0de3fbb52fe6852c22ce1f6afed1cb34a45f668a214423ab389	7b70ab522d490f9bb3144c783b5f117cb4282dd28a188f02ec8689af652284d2	28034
bin/demo/graphic/ev/d170/pm0549_00_41/anm/d173_pm0549_c005.tranm	f150d05b8f7bfd3a86d1455ebb6721d78cf06c350c8b062647adc9897ed51267	081d07406ef5297b7d2a5c47cd91d5b1f77ecfe914abe2f86dabd6eab5b872b6	143726
bin/demo/graphic/ev/d170/pm0751_00_41/anm/d176_pm0751_c001.tranm	0b2422fd8130c3109cba71795696a8f394e6ca5b30eae33156ed3d0753320253	77153fe2e75b4d2e2d196d5930581698745a5897e8ea26003449dcb0a19da5c6	59921
bin/demo/graphic/ev/d170/pm0751_00_41/anm/d176_pm0751_c002.tranm	613a2aa2c9e2afa75d80320f4bd08513082b0c1326dd3c0c5c5a327dd6f7f48c	8e0e1b07dffcb577ddbfb6e3b61015e7d0cd24579e2bfdebdf4081b151b64e69	45172
bin/demo/graphic/ev/d170/pm0751_00_41/anm/d176_pm0751_c005.tranm	63e41adc0af99408c641430d3e001877c356e3a3221c0a9dcda6aff2f9029c9b	42e23a281ec5cb2b6ce46f3211c0aba3e423bfc4cf06fa1bcd8befa6ead8e712	60177
bin/demo/graphic/ev/d170/pm1002_00_00/anm/d170_pm1002_c001.tranm	1e79c54ee7c8c37ec077435f591cdad1f7e2a271638e93d09f9a6b10084e1dd4	e7f9b19fe8aab68331ad3d9a27ad46301a6a06df7696f65b33e431dddd54b056	55344
bin/demo/graphic/ev/d170/pm1002_00_00/anm/d170_pm1002_c002.tranm	3a4b7c72b9b4077d31875039ff1b4530c876d173c5d56923185b5dc221f5b15e	4f6b856b6ef878855fb8fb6174875255a8411cf3eda7b069f06ec4cc581c6b62	60863
bin/demo/graphic/ev/d170/pm1002_00_00/anm/d170_pm1002_c005.tranm	7f1c1fd3375241ebbf01f7077a7af72053523fab6443bae493a67a8f3df71618	6c8ad54493be6511171b086b1f18b9a50dcaa77222993371f1e81c907401e44b	80741
bin/demo/graphic/ev/d200/akaikusari/anm/d200_akaikusari_anim_07.tranm	5fe202e60c1f7ffea549e0fdf6e4fb9efbaad490021a7d22f9a3a2064277bca4	fec2422a16e65997721367161b5c034e1b698b6b773afab9f42ae02b1ff005fe	238114
bin/demo/graphic/ev/d200/akaikusari/anm/d200_akaikusari_anim_08.tranm	925facf2cfc311dea9850f5b88e9c0b70458059d3d3ab5dec98c9195dba9d47a	95493303baa5ee791bb294593932512ac9b1eb4e3737b8b72b81e373c74ef381	283252
bin/demo/graphic/ev/d200/motion/anm/d200_tr0003_00_ouji_anim_02.tranm	1ffed4c25f518991028216bf735555b4ae20b48962f258b0b889348b559348b0	be2f049661e513e8bea95493c6334f82499c2db7e09829c3db08a676799c7c4d	178580
bin/demo/graphic/ev/d200/motion/anm/d200_tr0003_00_ouji_anim_09.tranm	ca7cc19831628056fa8b8f7f9d82608a2a386d23c4ba32447aede6fd86273d97	797999906b94546d0c563413c00e44973c12cb6dc41b3a59e171a8aaf96135a4	81328
bin/demo/graphic/ev/d200/motion/anm/d200_tr0004_00_hime_anim_02.tranm	aaf8aa0f2541949ff83dffcc4680b66137099c414af8be303879120c66046a16	65949718bf6df4298afc27d62bc97f7cb7055f0b7cb6309d721dc2e23805ab53	187776
bin/demo/graphic/ev/d200/motion/anm/d200_tr0004_00_hime_anim_09.tranm	0b080f19df15a31f415c6bc49f0f4eb41b69f46fbbcbce01a2e19384a5209b45	f47049ab46d6999cb86ccff9db614e5aa40d12d29d7647cea0302c8393a8bcd5	77546
bin/demo/graphic/ev/d200/motion/anm/d200_tr0006_00_boss2_anim_02.tranm	31748c26093160e7517651a523ec38bea9a8d8e397b6d1381a9a063838891268	e7ace6d33a501305263ab0dfd01e6f8356b74def793c9ee95b431d9d9be75ba0	154232
bin/demo/graphic/ev/d200/motion/anm/d200_tr0006_00_boss2_anim_09.tranm	4d1e4362c9f09aaab6def2e07c7bcef8cdb21a9f2772c36377ea3a0c19923cd1	acecf9daf746b80b632e88c0f25d13e07456b23305b1459cf07e5ffa65cb5703	80766
bin/demo/graphic/ev/d200/pm0483_11_00/anm/d200_pm0483_anim_05.tranm	5796972b03fed0823f43224029a70740f576be4ffe81a9e0e72c66848c6c61c4	5201e1136a2276a9d4a9e84e3dcf5a570242aae4e480216d9432ff3ff1aa409d	128952
bin/demo/graphic/ev/d200/pm0483_11_00/anm/d200_pm0483_anim_07.tranm	5f23f715c41ee8870403af41b620bf4ee55a93e9c028a7331b89b4cea559b0f3	504e3013e845322b4de14a89dccd54130ef041cab7b8f88f429b48c517cbffd2	121264
bin/demo/graphic/ev/d200/pm0483_11_00/anm/d200_pm0483_anim_08.tranm	b79f24c8685366bd76ca8aa8a95a4b5ae2c39cc764e6de8b74210a065642e375	a3c9ac7969811982960568f175b26427472f2f1ac653f363dee28b4da5587d12	113450
bin/demo/graphic/ev/d200/pm0483_11_00/anm/d200_pm0483_anim_10.tranm	403b8ef52edcf236458c83974d6f19e6b3cfd7a0ee7443fcf64f35c4b41b14d8	f29ab9d2ff87266810ae012b23604a3476f25eb1df3064084bab42f06011b448	91272
bin/demo/graphic/ev/d200/pm0484_11_00/anm/d200_pm0484_anim_05.tranm	a82729c35daadef3f6007c403ad49164cf6f12655ffd245878b769577e1d35ae	2d4c2a353ac22c70aa6a3440563d8492001d1be04d9df5f37fbd6c89ba979d5e	126188
bin/demo/graphic/ev/d200/pm0484_11_00/anm/d200_pm0484_anim_07.tranm	c577a907e722fa5f8b32680788a63b755710de6563a788322c99162d474eb800	5709a7bd4a55f1a292c42b6c26ad831900c90e53f43c3c771a974c2bf7270726	133282
bin/demo/graphic/ev/d200/pm0484_11_00/anm/d200_pm0484_anim_08.tranm	e6003227979a480f268e64a393735c6e6ae75bff7a9f249141bcaddb3a819007	78899687473e2d14b3210176fa26633fb97cb5dfd279db2b62d255685af1c10c	132910
bin/demo/graphic/ev/d200/pm0484_11_00/anm/d200_pm0484_anim_10.tranm	41f7cdeaefcaed9adeb2cf6affa2e0b6471a4dee13430dbbad0d2de2159b4cd5	1a90f31ebb5b735e9c7c7696827b667414bf1e68233d17ef9df552aa3bcd2f90	129052
bin/demo/graphic/ev/d210/motion/anm/d210_tr0004_00_hime_anim.tranm	d6664b0c4470485680a688387a0234f5eeefcbb2865c02e6604ac5568079fae2	66c9bd09fb5f7602ebc8d173e0c4bf3a05fe0e8f8cf5e79615c1996d5ea3b4f8	59800
bin/demo/graphic/ev/d210/motion/anm/d210_tr0006_00_boss2_anim_01.tranm	25f1e688a1a3c2371df8342d0b096669203bade7de41126ee5faee8f36331b09	aa4178614bb631ba60617bd6e5bf208e69ee520f8955a81528177f2af032061d	177964
bin/demo/graphic/ev/d210/motion/anm/d210_tr0006_00_boss2_anim_02.tranm	c2a1effb2cfff8bc1e4c84938244875af564c6e35aa811e3273b98911a1a6aea	6e5a241567ae74c9f0167fe61c102c3cf66a321cf53894c717da6dbe61a14245	209742
bin/demo/graphic/ev/d210/motion/anm/d210_tr0006_00_boss2_anim_03.tranm	e7b3613370feb95400110c88728ca035acd6fc8f46e44540da69f82c62d9b620	73b66a37293f4028c3b5d496e460b28eb0a95fa04257d177a4d8e1743be8e4d4	312976
bin/demo/graphic/ev/d210/pm0483_11_00/anm/d210_pm0483_11_00_anim_01.tranm	87fea91e77311d810ff0e8ca9ea78dbf1b3c38e3d10635c0751ac86476c49109	b2b7f6cca78cb9614d1432ab570e4c9c8966f53286282dfd32d370d6cdf60a62	185502
bin/demo/graphic/ev/d210/pm0483_11_00/anm/d210_pm0483_11_00_anim_02.tranm	29fb5636b93cb2e3a07330da5abc7943eea36418634377fa353a5a26b87e9e3f	942d4d5d807b19680104993e14ef0325ca0e6ef2bdf6dce80563f79c93efc44c	144780
bin/demo/graphic/ev/d210/pm0483_11_00/anm/d210_pm0483_11_00_anim_03.tranm	8b38029bd6c80d7c7b8a35afd76b82ac8cf569a7de99530bdc1e5b49c8a98ecf	1bbc9ad64952f375e958fcb782bb882dff4dc4112b10100c4d3f38020ea1c69d	167588
bin/demo/graphic/ev/d210/pm0484_11_00/anm/d210_pm0484_11_00_anim_01.tranm	50c480c1f50a402f7c9aae4f0eaa8fe3bea00c5de0dbb9bb8b7338300fa9059d	87737c94fa597526e61e50ad47befc1c1b983f9adfdef40c800d5a46242b6388	174422
bin/demo/graphic/ev/d210/pm0484_11_00/anm/d210_pm0484_11_00_anim_02.tranm	02020a78aeed7453a350044640a861392806eafebdb529d70002b9263f9111a8	9ad5e428af4268a2a691b1d7fe633fadc372a5cfa19b64a5d313f336e1a39546	166988
bin/demo/graphic/ev/d210/pm0484_11_00/anm/d210_pm0484_11_00_anim_03.tranm	4cb7058e8752fa8b72245e9e1f3ed3bbe396da9529b01fd4a5548dc19d27312b	98a317e2bdf352f3cbfe9e4f0e7ce53fd4fe6233f186eb521010bf6e6ffc6908	214381
bin/demo/graphic/ev/d220/d220_area04_building01_broken/anm/d220_area04_building01_broken_anim.tranm	f1ab773c52fbc11b34ba8536309669a75833ceb186a6b5c49a3a23fe77c6128f	6d9c58d135823bae40a6816f040f5a78a5628817c69ff9449b5e534075a9da60	103858
bin/demo/graphic/ev/d220/item_100/anm/d220_item_100_anim_c01-c03.tranm	9850b3da7eeb3aa8771497ed4320a87b6e4165696aace1279c89327e85c4f97e	9f37be97a88a475677bbe0ee69a17a5ba13211eed1050643e31d2b382f9afc99	3196
bin/demo/graphic/ev/d220/item_100/anm/d220_item_100_anim_c04-c09.tranm	76fefc29c0dcb1ae8dee214dbc7ab192ae2b072aa00d5bb7fe36711f43bf25fe	5850e91526c09838c643c2916d657c6e27a4dbf8df16e0c19d73e0f075e7ba63	16086
bin/demo/graphic/ev/d220/item_229/anm/d220_item_229_anim_c01-c03.tranm	4f5402013abb03e83422669af6d56a9b9f34ad459dd6576cdfeab701e8055f11	334eaadbd128de3df05a1f62232eb31b01cdd4ff4ce0aedf6d570855a1d55895	3172
bin/demo/graphic/ev/d220/item_229/anm/d220_item_229_anim_c04-c09.tranm	1ed7efaf42231e8900e8eb6c132a06e83df5dd350091d0a4753a3048d3ffdaae	9abc22cdbd6fc3fa3b31aefafa0c2e095a684ed0aaa423ebe0881a21f5b58f7e	16074
bin/demo/graphic/ev/d220/pm0483_11_00/anm/d220_pm0483_11_00_anim_c01-c03.tranm	618d72a05ab7a733363bf00db86489133b91ced583444338f075edce295c310e	f291976c34aebeb95eb4f19c3a3d4e54f723e657d9edce72a47803bfdd7f8eb7	92432
bin/demo/graphic/ev/d220/pm0483_11_00/anm/d220_pm0483_11_00_anim_c04-c09.tranm	3cc8ef372eb42f84f5b73d73e21d9ba72ff459770861621c0fd0aeb57b087734	3e5e5cc70789fa2f94a134e8e293e5e1f13da94ca83953a27cb048c6d1fe3fcb	83024
bin/demo/graphic/ev/d220/pm0483_11_00/anm/d220_pm0483_11_00_anim_c10-c12.tranm	f00404640fc9ad5acd6c8abb571c742fc138de8190fe59b887744f05f58c45c2	e2d76d3da862485135cc95a2e582ac50fa4aeaaedc7c89b0d6da076b2cfcdb3a	22448
bin/demo/graphic/ev/d220/pm0483_11_00/anm/d220_pm0483_11_00_anim_c13-c18.tranm	6cbc4fd091c0b4b3cc8d916bcdbe72cc644bfde34f3ae478e9b9a62c047650ec	c89f3b9dc53fde686815368c0aba979387aa65d5d5ca514d784b42141b531fcf	88204
bin/demo/graphic/ev/d220/pm0483_11_00/anm/d220_pm0483_11_00_anim_c19-c20.tranm	3104d9aea7008662584d3d9fe8b1d102eec5fbe8323d47ba00ff1adf971e3d37	da92169f7097ff7907acf964fd1a3ab3d3a29e39def0aab4112693c6cf56a9c1	78172
bin/demo/graphic/ev/d220/pm0483_12_00/anm/d220_pm0483_12_00_anim_c21-c23.tranm	86dcd4a4616d5917c868f85fe03077905c568f836fdd42c104a9d27501910ae3	bda06ff127e2eb2d3cdebaddfb8880a70b81b53627a8a565c3bad748288f9cd3	371617
bin/demo/graphic/ev/d220/pm0484_11_00/anm/d220_pm0484_11_00_anim_c01-c03.tranm	be6ce529b648445f5bf68f269c122645ea32f11fb4928e6e8aa512e050da1e8f	8f4efbb9e2f66071d241c82b6604e54a1a1aaa44dde1b45d65cbcb00095066e2	151876
bin/demo/graphic/ev/d220/pm0484_11_00/anm/d220_pm0484_11_00_anim_c04-c09.tranm	4bcbedc3d509423ee85a63d9b7ecb4776eeec27bd12dbee2a31f8b2cdd9809f0	c23b1c38fed3ba996b337c8c366a836fecba8b6b1541146110df4a7acc26284f	71658
bin/demo/graphic/ev/d220/pm0484_11_00/anm/d220_pm0484_11_00_anim_c10-c12.tranm	7e3993406318c0bdbcf11358d783308bdc7cdbc2b7555591dfed1d269950de7f	346d52a2c31c555f7a610fb51605c07cd53950f919251f960f8f2db953afa464	18878
bin/demo/graphic/ev/d220/pm0484_11_00/anm/d220_pm0484_11_00_anim_c13-c18.tranm	f0fbc34772128bdaeab3b05833364a1581eebde4c61a43ee9bdd65233b45cffb	7ceba9aa06b7385e2ff71c9fab34e33a5386b0a8a470647c08b2853fe9f0ed89	156816
bin/demo/graphic/ev/d220/pm0484_11_00/anm/d220_pm0484_11_00_anim_c19-c20.tranm	24bf5171a684a5bd74c9b3bbe5f684dd1496ddbf8c57901c35ae0221110d63d4	0054907d1de58ac796b68eb3b9051b67324f91cfb0719f214a576c3cddee043f	131916
bin/demo/graphic/ev/d220/pm0484_12_00/anm/d220_pm0483_12_00_anim_c21-c23.tranm	373e11168946c4adcb74df7b1d2331c034a8c567f65889b47fcedc6ae317d079	ca0a817c10a187717e6c66e1f2975fe1a5f1d6a0512ab01e2c96043c368d51a9	712517
bin/demo/graphic/ev/d220/tr0003/anm/d220_tr0003_anim_c04-c09.tranm	9e8c08060ea055997c30c87163e4765bf1e5b2f267cd76f12007762e297ba510	e8b8f8aa2962336d0475a3dc2da356dce7706f857d82016e8970cabdfb033216	159268
bin/demo/graphic/ev/d220/tr0003/anm/d220_tr0003_anim_c13-c18.tranm	932b32ee930c4366d863871a0239335847f3db61d46c4451aa52f0d6ed7a5051	0241af7e199bc17a132348d72b79991824ab07a59fcc9bec291ff08a12d84590	228598
bin/demo/graphic/ev/d220/tr0004/anm/d220_tr0004_anim_c04-c09.tranm	9e5b9d6cc3c74907e2672086933196b1b5f03a8cc78211070a367ffada25bb21	1d0b2c866ca4e62f299ef257bb2cc452ad8cffb7f6e0736af00140f6b8d41df9	136762
bin/demo/graphic/ev/d220/tr0004/anm/d220_tr0004_anim_c13-c18.tranm	7880c888ec39c4fb17f09ee40367c630d75063b7a69a4fb333637e216e0800ac	0d7199e722526d36538f05b664b204c6aaf24286b5e4ed58ced24404a7a66b9b	162064
bin/demo/graphic/ev/d230/item_229/anm/d230_originball_anim_c01-c04.tranm	507ef71a06610ea7bf639e26e44237148856f682fd62c5e36a74e460abaccd44	fc300f9b880851febffbbbc136cdcafc88e0fae32191fa528c2127a042d1799d	35172
bin/demo/graphic/ev/d230/item_229/anm/d230_originball_anim_c05-c06.tranm	c30f7daa22d77986c94216b9d0979ba183933e23fbb4b50b8436f98fc3fcd38e	a4ea5df144effe0643774c76c17e7016495946d1d72a6fc10bc0e25cbdbca988	33264
bin/demo/graphic/ev/d230/pm0483_12_00/anm/d230_pm0483_12_anim_c01-c04.tranm	ef26e64bbd79c40c0bc831b14f50068cd51db67e6bd317970dfbb59f07a37d27	2a8329fc506731cfec0d0298bccbc9152f6478a0a1175c229f6d916629cd3013	141252
bin/demo/graphic/ev/d230/pm0484_12_00/anm/d230_pm0484_12_00_anim_c01-c04.tranm	99d5ff99087cec90bc93dc2c7aab20ca75221e53cd52ef426ce4f9b1ac5c3d65	454324f63f4adeff294dd6dd3be6331ee1c1d661175c5d16bed78216288f3a56	287358
bin/demo/graphic/ev/d230/tr0003_00_ouji/anm/d230_tr0003_00_ouji_anim_c01-c04.tranm	624ff538aa7d3f6f7531a8d3fb10200e496c8e9d025b7ceca9a1f6e135b1f4f2	a28b475854a1ef0456ee56c2cd5dcafd2daa2e06d756fef8da95e3fe8ed73823	258362
bin/demo/graphic/ev/d230/tr0003_00_ouji/anm/d230_tr0003_00_ouji_anim_c10-c11.tranm	32a12ab3eeae32df2c73bdad4c46066202418d33f3a2f1c38184d9a6883e1294	fff45c2a186afdce5a14607e1f94a4243b7f04a289928640a8ab465bd0022b07	124678
bin/demo/graphic/ev/d230/tr0004_00_hime/anm/d230_tr0004_00_hime_anim_c01-c04.tranm	b25e4e79adc48b8a640743d734fb01fa6c4cfe933fa8430c9ef12581d793995c	47ebeaca720649fc029616b6d1c45703bfc6a901ee693813d5faafc9b9b884fc	203598
bin/demo/graphic/ev/d230/tr0004_00_hime/anm/d230_tr0004_00_hime_anim_c10-c11.tranm	f101fd65d6762f479432648597cffdc6b397e391de73cc5ee0dde5505ded7b48	ca4c2bf9ba6625ee084121b0434d7f4024b1ffbc048e03dddacba9baa79f210e	94377
bin/demo/graphic/ev/d230/tr0006_00_boss2/anm/d230_tr0006_00_boss2_anim_c01-c04.tranm	652baad152e49f547ec71e0d26edc274556b133cd5486fb5d74f5d7117470e04	ef1cd0f4b61a96ffd86a66fa343f0eddf8c0ce53475c284baf2821337ea614e1	172906
bin/demo/graphic/ev/d230/tr0006_00_boss2/anm/d230_tr0006_00_boss2_anim_c10-c11.tranm	a158db198cc2fdee20ae261d21cf10d685d1a89ba7b24d7523daa1c317d9f314	762a30145674673157819998ef9961a9d3ddbf727f9d558f8fd8b1b4ec5dbe93	49694
bin/demo/graphic/ev/d240/motion/anm/d240_tr0008_00_si2_c002.tranm	d2814f86789568495582026366cec7e61385cc73844ce90592e47381f524402e	dde680fd38c9fba863bc4677b7f14d62fa3a31802addb6e1f53bbf85eb69be33	109550
bin/demo/graphic/ev/d240/motion/anm/d240_tr0008_00_si2_c003.tranm	8b7c3783ad26e74da569753e78ae346675d274d4e0c9a31055a75cb985a222e4	080072d5e7f30f10b241cbc284a140b52a4b670b562b7a8862ec63f740dbd8b2	135663
bin/demo/graphic/ev/d240/motion/anm/d240_tr0008_00_si2_c005.tranm	6f22a1f7d0d95d0138540c125cda47c9f06bf938fe1b6414412b8482e1f6a9fc	475aeaee20d8014cf39da5312e2cf1d962fb02d85b2e3c49ea0fa071d161f520	295206
bin/demo/graphic/ev/d240/motion/anm/d240_tr0008_00_si2_c006.tranm	ed2aa2b0a3f92c267c7640c5f0c49cde1718bd8d4129fc5ef6806953c4b333d8	61fcfb421a3d9f9fb3498e5501ba3897b671565479060edcf977363431022c9c	333110
bin/demo/graphic/ev/d240/motion/anm/d240_tr0008_00_si2_c008.tranm	4976179f0bd17bb253eacd77587a3e90f93dc6496b9bfd1deb6fa02e5cd29958	456022569c2a9047876c65bc7d2b3f9f4cdee381475883f4fc3d6d8a51d0b351	96290
bin/demo/graphic/ev/d240/pm0487_11/anm/d240_pm0487_11_c003.tranm	d79c57bcfee8a003f038f7597dcb50fd9252f052c4369b478bc0faec53544140	8543f15e3cc460a332bf90497e96b4f13b34e4e1feded39faa20d42016c2381a	68468
bin/demo/graphic/ev/d240/pm0487_11/anm/d240_pm0487_11_c005.tranm	5c3ec8cd0b314b7e289c83ca8b462ec7ece810a93afa12f191087b9d386d2268	4c6e4387057e68997ca797c2754aa29900e80a42ea35e0b57975171132127508	467936
bin/demo/graphic/ev/d240/pm0487_11/anm/d240_pm0487_11_c006.tranm	bbe6377fea13cb65bd5f62412d14b5decd72ae97e6fbe13ec09d070c75cb04c2	e12562cf5382971e7934350ab9c7eee9aa56ed7f97f45c7234af6d6f12f4b5ec	203282
bin/demo/graphic/ev/d240/pm0487_11/anm/d240_pm0487_11_c008.tranm	1d02578992b26b2c8c45253a0d83079a92192c9a7b730632c500ce58846a50de	2b3bee33fb958afb308ea259a019150f77765715aa09864dfc7cec53d366ae44	42307
bin/demo/graphic/ev/d240/pm0487_11/anm/d240_pm0487_11_c009.tranm	f35e8f9802af26bb96d527ebc73fbc1e874d35a245466d9466f4d8f70ba8d33b	92bb5d08f2f9c713ca105cb35ee07463288c45e6679cf932e6b7941acbf93c51	364486
bin/demo/graphic/ev/pm400_00_00/anm/d110_pm0400_anim_c003.tranm	f0ff7abfb1392994b8f45b3315a1fb027982720973285aeeb50f2df0f161a37c	7d7a210a41317066c744560284467fa02eef0ee96811a4039c41702731564d20	22398
bin/demo/graphic/pc/p1/motion/p1_drs0001_00_default/d020_p2_c001.tranm	0c0d17168840beb951b449daee25c3888004043d5915f8e367778286e951baa9	cd6bbe1694a4bc71ab4bb7402526456badefdca3fd174faf56aed07db44bbf39	41276
bin/demo/graphic/pc/p1/motion/p1_drs0001_00_default/d020_p2_c002.tranm	61c002d55cd07cbc1b3971c7f4322d20aa8551cd5efd4db0b82b1e9a3dc06b62	02c738daa97964172775c7a2bf39ad94aa5047f2d30d019f2060ee436102787b	31027
bin/demo/graphic/pc/p1/motion/p1_drs0001_00_default/d020_p2_c003.tranm	46cb0685e437f85ff21d1e67ac9e0a89bd1fe944f1132736c9253c3b472a0074	0d856af04a8a4ec0da2c156a97b858b11091d834d6db1a5b375a688751279fd7	27639
bin/demo/graphic/pc/p1/motion/p1_drs0001_00_default/d020_p2_c005.tranm	2729c30378af41633d150f693d57fb252a0554deecd47975d38a129de22a17b4	0535b482169bfdda0a74efcf910ff7d2ccc078966eb231906ad919db768b2e05	33437
bin/demo/graphic/pc/p1/motion/p1_drs0001_00_default/d020_p2_c007.tranm	598346c3032c306a426a0b153285495214dc9feb47c0a1fd26052c32b72c3581	608f4d60ec9f4f37c6082e009750661414e0da28c07b8226441750078c97719b	8197
bin/demo/graphic/pc/p1/motion/p1_drs0001_00_default/d020_p2_c008.tranm	03006b459c530069d579bb3e06be7d940f88962cce7cf8be1a865314aeff6780	7920ffca655b2cd948f403c3cd62473673c42635b84d82a0a695981fa062c8a0	5715
bin/demo/graphic/pc/p1/motion/p1_drs0001_00_default/d020_p2_c009.tranm	d54bc6930d14d24803de449907f7647e8fd523b6fdad07b28385aedc56ecf30c	8aa0b1680765d6f39987c773764514154334e27af5f7254e0a4c09007f00e572	16351
bin/demo/graphic/pc/p1/motion/p1_drs0001_00_default/d020_p2_c011.tranm	b5683ad702f534049ff464ac9544702c907a3953b2777fcc8050b4f77fa48ac6	47dd5c23cf85bb98a0885640c0ba65dc83c6ae4c51df6f1c8c77d8cec34da530	7517
bin/demo/graphic/pc/p1/motion/p1_drs0001_00_default/d020_p2_c012.tranm	2e048ed98406dab27788699c26c6937ab1c04199fc9e31a93b6ee42d3b24b16f	e2064ab7b91da119f6d0cb2f996199dde0afa0df2dc5edc187d2c09b33bdba4d	19863
bin/demo/graphic/pc/p1/motion/p1_drs0001_00_default/d120_p2_anim.tranm	3fb944506362b7cbf23e535f5d83f5681dca4b7aa93ed0d05fc45a44704d0bf1	05b8fcf49bf67300d227c66ff6fb3eca8ec834b8db52d2581853654e62931f15	132720
bin/demo/graphic/pc/p1/motion/p1_drs0001_00_default/d130_p2_anim01.tranm	5009d22b3e851620aecbd805f13d90e8b1571277a56e8b9b5be4903720d02c57	efa1d2f5867d0704f31951ad10ff9f8ebcc571d3ddf68454ffe5965392111a15	91490
bin/demo/graphic/pc/p1/motion/p1_drs0001_00_default/d130_p2_anim02.tranm	bd10ddbb38182f08eb8d45a7d88bcc5c82fb7152606e17995714a43a0af8019b	c5d36f6485cd86c249949879e3866e0ca71ddb598cbcac1da9f21323696bf65e	14684
bin/demo/graphic/pc/p1/motion/p1_drs0001_00_default/d140_p2_anim_01.tranm	98d2bc1feae849622267c94d35c4ef9b253444c4211e9743dea7ae4dd2965315	e5d48aa7623742d03c800b80b5cfbb72676380d37124f42998675c8ee8e17d5a	9720
bin/demo/graphic/pc/p1/motion/p1_drs0001_00_default/d140_p2_anim_02.tranm	1f2b3ff60f6d3c979103c235fddea7679c2c40dca7cb35b2e7097e9d15bcd43c	e2d3f7bccbf19783f5fb45de3c356e7f0d351c4d9086c1df7c6992577020c9e2	9336
bin/demo/graphic/pc/p1/motion/p1_drs0001_00_default/d140_p2_anim_03.tranm	9dc5d6ec9065932ef66ef60d0cb373f3c27126e6a1cdac939b48a415728a1ba2	3fdec1aa05cfd27698c800f033485d1d450252d717ffd65f3128bd7aaca8be97	53818
bin/demo/graphic/pc/p1/motion/p1_drs0001_00_default/d141_p2_c001_anim.tranm	8302665c11c6cceaa1bd66317a83907ecce1107774fd166fb5939d4dd31d51ef	ed4b2873ce3c596ecca863f018897c273090943721f2d4019056c850fa8f8960	42802
bin/demo/graphic/pc/p1/motion/p1_drs0001_00_default/d141_p2_c002_anim.tranm	64a4e8cf20dd068a72583aa0d7274d05dffbee6c35aefa89f7f933b975611329	b294d109619416fccfddbfc980d76ccb797ae8d17e7153230a0805a3fed88b4f	29954
bin/demo/graphic/pc/p1/motion/p1_drs0001_00_default/d141_p2_c004_anim.tranm	7d51683799d2c3b74607449957e65926df2f5c284e788df3075e09d066283c01	48a90df5a27f5b3f8ed2179ea87b95a8b29376a4232fc82a3d52e3dd45d8b75e	19242
bin/demo/graphic/pc/p1/motion/p1_drs0001_00_default/d150_p2_anim01.tranm	e4e1a7299d3e2500f45550d21ec18114e56e705c5a0bbe210fc5e0d32a4f85be	d9410390b00e8c4085858a88b514f0edcd8877c67760c31416f1b4155fa84508	20924
bin/demo/graphic/pc/p1/motion/p1_drs0001_00_default/d150_p2_anim02.tranm	4780c205cdf380095cb95b35b1e0d3fbf2619091df1ede1c151272bed2fc245c	bc342731a9177a35c5366175d3550bac188b56c90f619b6c1591a18266301ed4	15200
bin/demo/graphic/pc/p1/motion/p1_drs0001_00_default/d150_p2_anim03.tranm	e0b49640036c9cbf91f993d0955a1045745b42f2b7a78695b2f775917d6ec8df	a98149a5d56d77da60e2b5873d11d8fb1df9c12536c3d0c591a6c471085b8053	9720
bin/demo/graphic/pc/p1/motion/p1_drs0001_00_default/d150_p2_anim04.tranm	7ad5ad75a65b9e73039a775eb98feb7915a7fe45c4d2f3ae906f3448102686c5	22f38f4ca3ac61c5311a5e11029f7dc764d9caf6a8d9a31f81cdacaf1c958374	14364
bin/demo/graphic/pc/p1/motion/p1_drs0001_00_default/d160_p2_c001.tranm	aa43962534936d117e704966ee7f5ce86837351a90103d610136187101e31b5d	b83aceb481d34e75fe7201b7b656efd493fd85fd460639745fc8e31a224c256e	24827
bin/demo/graphic/pc/p1/motion/p1_drs0001_00_default/d160_p2_c002.tranm	60a27e57093a33949e2d70e8f102d48a524eabcdd06cb20aa074772f8d46a6f1	8ecf6615ed5209c200c71f2af130b67fba3a4b9ef5b5302262bab62e3aec3ef7	23842
bin/demo/graphic/pc/p1/motion/p1_drs0001_00_default/d160_p2_c003.tranm	416151346619c1c68d2c156a654a117f1c1ee8900ed1c172cf923cef145b58fe	ddad267c239a0c27303056baf048a9c8d5b5f2da3ba4f88c5435e6d3eb33643d	11225
bin/demo/graphic/pc/p1/motion/p1_drs0001_00_default/d160_p2_c004.tranm	c91ac544713ae5787d63f093438098e3567ee13a0eac076c5730a5fa417edefa	1817c423a28912b2e3ba44e2a5e3f343c835632eda5c99c1f616a9e18568beda	61463
bin/demo/graphic/pc/p1/motion/p1_drs0001_00_default/d160_p2_c005.tranm	e0f292bbceb434631fca796cefc6a26d17260b5c55c70d19bcb632ef6776c367	5345d4997f0c860eb0a6aae557f6b310ff0bb6bc8b7868b8215e631902f7568c	43451
bin/demo/graphic/pc/p1/motion/p1_drs0001_00_default/d160_p2_c006.tranm	c7aba815bf99101f51aae27711599b24b4930571e4d4f6e1e6ae84d34b30fcd8	eddfd8b5a529ae1cbca40de24c6d4c16f38271357b1363590d1f02194e2aca30	32171
bin/demo/graphic/pc/p1/motion/p1_drs0001_00_default/d160_p2_c007.tranm	e63c1482e747889a1b09d310c6f2b656d5b7823641a5ba59a147ac7796eeae14	85b77ea2e89302e38813bb1c08695b8713772daaa49876bfa35b1e6733ca737d	46857
bin/demo/graphic/pc/p1/motion/p1_drs0001_00_default/d160_p2_c008.tranm	3728b4b0ce21e10843d0e986751c4076a45892d63509da9232df369b9c302442	34734a4871c66d7e5deac30fbf76f731f2b6ffea403e7cd81c83cc58c77df554	87783
bin/demo/graphic/pc/p1/motion/p1_drs0001_00_default/d170_p2_c001.tranm	d1fbbfe9858d9f798328f063da641b106676522b4f3f94fee73a2fc970372af1	02031c6e98f2386acae7020c24274ba242a84f2a9a019e311c0dc2e264356931	13099
bin/demo/graphic/pc/p1/motion/p1_drs0001_00_default/d170_p2_c002.tranm	02341030093189d7fad8f6f4bdf95f842aa09a57667e2aa111dd3d17faca6e37	f0b5f966ac89f042f879c51ac4c8ec4d348aba4cd8b1546209e3bc9f7dccbd87	35865
bin/demo/graphic/pc/p1/motion/p1_drs0001_00_default/d170_p2_c003.tranm	b8e7dbe0451bea3806a791f8e4b81c6aecd7fcd851d17ee72691d1ae7f3e92af	ac9b5b77ebd4605b24e4e74b064279157e5e0a071359a4b168c8fe91dac20530	39109
bin/demo/graphic/pc/p1/motion/p1_drs0001_00_default/d170_p2_c004.tranm	9676981c9a92dad6ccf507fe2bcbe0f7dec6d23df0e8398f320b192ada42912c	a8a4048b5339373e7d9964421388e8b49270c1e452edbcdd487a6ce72f75fa92	27993
bin/demo/graphic/pc/p1/motion/p1_drs0001_00_default/d173-175_p2_c004.tranm	b55e438fa4c402ba93f2f85db90701dac0e4c0380e8646853c34718442f69b40	a8a4048b5339373e7d9964421388e8b49270c1e452edbcdd487a6ce72f75fa92	27993
bin/demo/graphic/pc/p1/motion/p1_drs0001_00_default/d176_p2_c001.tranm	9348b02b3cae55e0f03f318f0248ba5b7870c200916e1d88d8f2ffbfa52d4fb5	f7c1e9825e9b1909a7221b8c2db00dfd7c9e173c10f6f6b2ceb1bb232b6ef22c	15186
bin/demo/graphic/pc/p1/motion/p1_drs0001_00_default/d176_p2_c002.tranm	acb453181914f5951e87354dcb3fa6b222c7797b3854ac0aae9ca22e843864f2	2780ee04ab9dc1c2c65044785f51178ab80251c444c9a342bf3a274812c0d777	28666
bin/demo/graphic/pc/p1/motion/p1_drs0001_00_default/d176_p2_c003.tranm	7e0179b16a6bacd6262fe55adc52c65200d106f6bf7be97ef4b93933597dbe03	deea9aea7e3768e0ee5bfed0cc95782c8354e6141b9ae8369d2feef8c576a7e5	38885
bin/demo/graphic/pc/p1/motion/p1_drs0001_00_default/d176_p2_c004.tranm	e5b36a96bcd3a7b8640a70e537c6565e315522f7a0bba53add476cea84e50e7c	03409f1d3a100a386e2dd810c00d9240c797e61386b2799db1577ed4d115637d	27913
bin/demo/graphic/pc/p1/motion/p1_drs0001_00_default/d200_p2_anim_c004.tranm	e6c2bdd40e0cde9ccd76eb99b0102df1a171f8565e3bb962e5e7950df2560261	10a2230525ec127df22568612e7bea9a560ef79fa342d37961e6930a22a9914f	68764
bin/demo/graphic/pc/p1/motion/p1_drs0001_00_default/d200_p2_anim_c005.tranm	d217584615295742c07c229539d0ddb04e7443bc351141d718936859900a495b	36888f4449c5af69e51c7efc2828910711032733ea29b9eec39c65f999d60fc1	61872
bin/demo/graphic/pc/p1/motion/p1_drs0001_00_default/d200_p2_anim_c006.tranm	7968ec6dcdd62fc916c200666699bde149aae87c7c0abbc6855c650ad607a9a3	c4ba8c7bef9c57d34eb2ea21f7b51994f3ccd3fc1972812362798059a5339ce3	21312
bin/demo/graphic/pc/p1/motion/p1_drs0001_00_default/d200_p2_anim_c007.tranm	6c99cb0a001a652f3c1fbd558268466f50accb18754d26f62716623a4cc5aefb	ff1226d3f30f25c85b6857c47aa73cadd6a2590aba44d14da247fb6de171944c	77790
bin/demo/graphic/pc/p1/motion/p1_drs0001_00_default/d200_p2_anim_c008.tranm	4b43109f1501a420d8f18f0d1fc245e9897d0e564befd3eb09f67aceab072594	19cd891170c7cb65a509da6e1165e00c471aa838635ff80769dc55dcf014c87e	51512
bin/demo/graphic/pc/p1/motion/p1_drs0001_00_default/d200_p2_anim_c010.tranm	d45e91ab26c6dfda9ccdad5e07bb604304dbc7352cbd7ae57329300d9fd9e004	23e12383aaf4b749537bbbef3569877ea2f77d6ef9f1ba2aa6a95cea99797225	29554
bin/demo/graphic/pc/p1/motion/p1_drs0001_00_default/d210_p2_anim_01.tranm	841da07367c0e6cc255d6066f5e7fab74ad9171f18068a1d5ff2302906f67751	ce073997e5be38bcdf32e24572e7a5aa5636bd30a13fe97a905a9d971db1c495	65812
bin/demo/graphic/pc/p1/motion/p1_drs0001_00_default/d210_p2_anim_02.tranm	e23be9b94550d923885bf8c5aaeb9d26868254512f96b105ac498d401f767118	065b85a81fdb237f872717c5f00e1d705e1eff3801cade40450f3aa063398c3d	22740
bin/demo/graphic/pc/p1/motion/p1_drs0001_00_default/d210_p2_anim_03.tranm	08eaf63b851ae3bbcba706a912e1989dde43767a27be1d2676731132040f300a	ae1e45949eda18b8a3c3021eaf576c3de83344f25222d126713e47ffea12255c	64057
bin/demo/graphic/pc/p1/motion/p1_drs0001_00_default/d220_p2_anim_c01-c03.tranm	bfaf010864a4034a755c1c3cdc0dbac0cec5d1a8ebdf5f5df4f399769171bc9d	9f3631e664d3db854122088c1894d505fb5dbd4123b2b9c0d8b94ae302827257	33396
bin/demo/graphic/pc/p1/motion/p1_drs0001_00_default/d220_p2_anim_c04-c09.tranm	23a520a4f3bdd248073d05b7f3d0091b35d5af597e30ac93046f81385b4a7b16	b0facc399168f9e7e40e4cb3fb4119474ec45caa66504691ced1157546c37583	51156
bin/demo/graphic/pc/p1/motion/p1_drs0001_00_default/d220_p2_anim_c10-c12.tranm	62c8460ac0cb5bb24ffdf8fdb8424843d4e769c0b8ad3fa173978772ec9bca1c	d8e1fb9040f2b4670d20adb0123f4248985c0ca88b043cf1634c71e946ad16b0	22472
bin/demo/graphic/pc/p1/motion/p1_drs0001_00_default/d220_p2_anim_c13-c18.tranm	303e49ff7bdfef528e878cdc1a98f43235b8583221c295b55e414a1aefb399a6	2c3dbbb58660251c59ae28ab52e89c271bf493da0fe7b7e0b95e91ed70852b92	44044
bin/demo/graphic/pc/p1/motion/p1_drs0001_00_default/d220_p2_anim_c19-c20.tranm	2bc96010d7d00de71ee990a77512e8fc4859132aaf0e65454746c78c0ca7c643	da655c04ba4c81130d8dc63d4098b39834ae0df37ce04de8cb7805e7641251f9	42208
bin/demo/graphic/pc/p1/motion/p1_drs0001_00_default/d220_p2_anim_c21-c23.tranm	378e4cc2cad9f2227d9d155fdeee506a3d0e649abdbb06d958cd0ce331c3c4b3	ab34bcb1184586ed887d7ca4c3f971f5add63481a03592bcc88e5ba7e28f05dc	50541
bin/demo/graphic/pc/p1/motion/p1_drs0001_00_default/d230_p2_anim_c01-c04.tranm	024246c695c72ff4405d0f90e25f080ab5f8a5d84417a80a07631b4042898737	d6e8207beab48bd07a616fd20aa753eb483dd17d2a0f04971c15d133dd17e0f5	91568
bin/demo/graphic/pc/p1/motion/p1_drs0001_00_default/d230_p2_anim_c07-c09.tranm	b436761f852c0c9dcf9260c6045e0ae240af196f8cabd89c1d5d7b324aaf1764	71c1eb0ad895c2b1c978256650b952abb168f4493d737b3f28298d30efc6b94e	37179
bin/demo/graphic/pc/p1/motion/p1_drs0001_00_default/d240_p2_c002.tranm	1afc70040a2f9b994d756402f71e114aef9010652e9d245dfc0b7d580fe9e40b	ea61aa2968b8c91dc3126fe7c41079397e6f925fa67a3ee3758cf0feb5aae7e4	49939
bin/demo/graphic/pc/p1/motion/p1_drs0001_00_default/d240_p2_c004.tranm	40b695db319db45d9c49198f6ebfd36ffe9ddd03d2d227ce7021932ed5fd84ff	41c4aa51f63502c729094e86bc404faff922bee4569397bba249604edae95655	37937
bin/demo/graphic/pc/p1/motion/p1_drs0001_00_default/d240_p2_c005.tranm	775703505b875d74c93513e64db398832963aa1bb8434d908b49e8a9bee80501	a198d06ef8d724c997daa6b280023aff8d06532d8fed99965a7ae0134543c0c3	69971
bin/demo/graphic/pc/p1/motion/p1_drs0001_00_default/d240_p2_c007.tranm	0b264000545d0f68b5c5b0c3015055a67063493883009a58e3289f666c3c6a57	23ede5340c8552510e21d8d74fa23a3ef6c87fdd4e632a83ce11c936a62d95b7	30157
bin/demo/graphic/pc/p1/motion/p1_face0001_00_default/d020_p2_c001.tranm	632d0ac1c07970bde41654711146dcf27a0257e52427b828aec45ef55f191092	95dcf397f5d35294cfe99fc4b399027a94cd2b51dd1fd7d24cdee60cb51fabd7	92092
bin/demo/graphic/pc/p1/motion/p1_face0001_00_default/d020_p2_c002.tranm	cf246c4a0d08eea7e9c2e8860a350008d760c9d41e96e96e73cd45b610c54b8f	6bc8752df2cb88456fe99e68b9de9e48336a61f380ef5275abf4beffc5dab6de	48582
bin/demo/graphic/pc/p1/motion/p1_face0001_00_default/d020_p2_c003.tranm	66d6d619c6dcf75ce8c609f3aac24bd54bdca48ef366edb49a59884ce6167792	0cf21519eb0d7e70f0e041536a91d81b7e1762b1476967cccf55a9d54df62159	42104
bin/demo/graphic/pc/p1/motion/p1_face0001_00_default/d020_p2_c005.tranm	c0f30db14d385c6c55382d4e4ff720d420a0bc2f5f82fea1ef2a177079fd1e4d	b8f5eddad3c5d0fead7ad94f61b07990692de76e46a7d740b24d70e7b3b19fde	70909
bin/demo/graphic/pc/p1/motion/p1_face0001_00_default/d020_p2_c007.tranm	c5a76467557061825dc6cf0dc216ad83e4be899b3e1c9fed342120901d8cfb46	2573d1a6980425136f4578581fcec230a46e23d2a21d8f72b753c5a83bbd37c3	23573
bin/demo/graphic/pc/p1/motion/p1_face0001_00_default/d020_p2_c008.tranm	d4cc8556b487e6d0e643ae4e824475931aadc090425024cf86296a4846e3e5cb	94e05c0a561663d35e1cfb189ca025fb3766e3e2489d32b5bce25f06815aecb9	3927
bin/demo/graphic/pc/p1/motion/p1_face0001_00_default/d020_p2_c009.tranm	b38c0281c4f1d8ba899e3bc93e6eb3ca380071526c4f788c60635eb3173c99b3	29e734e4232cb08d8d48b00d684574322084798ca049f300b4057fff6f6be883	25081
bin/demo/graphic/pc/p1/motion/p1_face0001_00_default/d020_p2_c011.tranm	0018f750a9939f6bbe0a8b4393ddb761f6201cf4ea2378125aa4d4753b1732d4	8a0574a7ac80703ee61c808c8f6798a1ab6f314944b72e693b9c5542f1e1bde3	23920
bin/demo/graphic/pc/p1/motion/p1_face0001_00_default/d020_p2_c012.tranm	acdc42e506a33c41065625ce92a991a2a508966982d8c1c913491eff76661530	75c775b790f5bfd5258b618be806adad3fcf1840a70c40c16fab99a3a078617e	12675
bin/demo/graphic/pc/p1/motion/p1_face0001_00_default/d120_p2_anim.tranm	81581109b43cf937e33c11cf3683f04d1509e2cfbdc3af2ed59fc8d457d0ddde	195078be4a02da6299e7c5fbdb3607bd680d1785783faecaf768c3ae0e6088d4	97779
bin/demo/graphic/pc/p1/motion/p1_face0001_00_default/d130_p2_anim01.tranm	15701a6c060b9c3f913245d3e4bdde8ecb1bb3104fbae2b681a51ba6372fbd87	808b50b9e1581dd2e64cea33613fb142ced32e79d74eadc9154251c147e3e335	54138
bin/demo/graphic/pc/p1/motion/p1_face0001_00_default/d130_p2_anim02.tranm	66721a49649383dbe37b0d380d684475c96f67c98018c9511869530ac4c089d1	63c8aca0797508273b6aa8125c498e0c688086067fd8d67fef4325cd8af5c145	13280
bin/demo/graphic/pc/p1/motion/p1_face0001_00_default/d140_p2_anim_01.tranm	e2ed9fdeeb92e62fbae71b1c1dc94df0d5d21123ba07731b4bfcb3e38c7bd33e	036c0733095bbde0172d524d3877544d5493fe8afee62c4ea14a453501ac5a19	24256
bin/demo/graphic/pc/p1/motion/p1_face0001_00_default/d140_p2_anim_02.tranm	0cd2863c131540cf1519e6765cd435c31c882bd2b25eb3ec31097637e6ec5ba5	4a36bc6f45eb729b08a19f13296e6f0e9b2ddf2fcf9e1af5f6e19eb4d43c5979	30596
bin/demo/graphic/pc/p1/motion/p1_face0001_00_default/d140_p2_anim_03.tranm	c492e8a754a1c78be7ab75ab87e3a46183135837348433c8644f4382980ca403	cb59c7f5316d196e68012bf9ef640fd7a3a308451c206615e5c3d6cb3fa2efbb	43614
bin/demo/graphic/pc/p1/motion/p1_face0001_00_default/d141_p2_c001_anim.tranm	23e32390409692dc080cc157bb9c220c4351400edd107a43ebc550cdd2da8346	232b75ca6cce9f0d3c8fc2c5fb5892af5793df9b5b6cfe1ee5f501ca85a32734	16635
bin/demo/graphic/pc/p1/motion/p1_face0001_00_default/d141_p2_c002_anim.tranm	847fbf06dab0b974565da0006f6ba3e2d90b04a2d36236c8858b7f1d13626cd2	e6821885ca206d375958d409f405ac3c05a911b2cf56bc1a181ca97af03ef39b	12961
bin/demo/graphic/pc/p1/motion/p1_face0001_00_default/d141_p2_c004_anim.tranm	a418a0bc9fa52fe452865cf497066d66f865f65504444e91b9f62be72fb54bd6	bde8ec128223c5c9191fe99e27d71be7a7d31eaa234fadfdddea9b5d83a5f54f	3223
bin/demo/graphic/pc/p1/motion/p1_face0001_00_default/d150_p2_anim01.tranm	b558187d030979645aa631c380381e61b795e159aad1b502b6bc42093cd043b1	3c2d62a01085ca3161d590dd7aad570daca5736ba9f78994cc217df63c394556	4394
bin/demo/graphic/pc/p1/motion/p1_face0001_00_default/d150_p2_anim02.tranm	04d281afbd11147e9233ea89b0abe5b7eeafa30657b0ab04e051e95809887d18	82c46de9705a6ba57b0caa03dd83310309be06475a1a70c254553b112b6c35a1	18512
bin/demo/graphic/pc/p1/motion/p1_face0001_00_default/d150_p2_anim03.tranm	819cc8f600b363434cda120cd4053556b2dc6f07477a9f70584128e557ed7252	2df84c42aec060924904dfd11c2e540661992c71a7d70e61ab41eaa36001534a	2780
bin/demo/graphic/pc/p1/motion/p1_face0001_00_default/d150_p2_anim04.tranm	1d1d8b6c04ce0272022340f3ed8cba03d771b6d11c5dc1ac3d50e6667b2a3486	f0ccbd32556e10a63397413c04cbf74f838620562ca49c99e614d155a070969a	24424
bin/demo/graphic/pc/p1/motion/p1_face0001_00_default/d160_p2_c001.tranm	cba32ea6741f3d37d54bb70929d57908a07f05df9795fbcdc5ad903f8964dfe6	633089825451fcffe98e72e64d36810a20fa0c94d32c90c7578feda6276c9bf5	1671
bin/demo/graphic/pc/p1/motion/p1_face0001_00_default/d160_p2_c002.tranm	05708a1bbadc203597b7e741d5bea3c30aea370eb26223c81fd1c9bcc814ab15	6320da19a61f16665f70383979931fe59eacf0590caebbd791c72376495b6a04	20440
bin/demo/graphic/pc/p1/motion/p1_face0001_00_default/d160_p2_c003.tranm	4cef56d370bac6a2d02aecd5bc8aeed66882162a2935fafd12c457227951a07e	d16cf29a655d51bdd5d062962bc6db81754d93158cbe180cea6227b177c98275	2361
bin/demo/graphic/pc/p1/motion/p1_face0001_00_default/d160_p2_c004.tranm	6dc37b32be0068857f71afda2b76067e3828b6fa12ad62449f8246d58868c36b	599be2572ccf72c4adad20a2b21afee732aadad605b8c8a610b49b1bda389ac1	42980
bin/demo/graphic/pc/p1/motion/p1_face0001_00_default/d160_p2_c005.tranm	a890be12d1e5508718fdd95e9da2b517f0d26c0f2e9d3716eb8bb1f4eb1351eb	833d379426687f9eb244d75a56e9457dc1425df5553dbddd264bd3c02197240d	33637
bin/demo/graphic/pc/p1/motion/p1_face0001_00_default/d160_p2_c006.tranm	ede0a6ffd3386e5c17aff9c591d69a3f6104dc79581a2dadc491f36e29c1826f	486afbc871344605a50c0545073af9106ae86be2a33aa92cb7fe0af6609319cd	1607
bin/demo/graphic/pc/p1/motion/p1_face0001_00_default/d160_p2_c007.tranm	040400b91ce907a21ac9e5740a448e12ba5a8d2c29c8dd4d9c323fc9e17dea36	44fd29462fcd153607f014f6fa0ddf11311ac9a2bb44f331445194a4b4cb0d83	2537
bin/demo/graphic/pc/p1/motion/p1_face0001_00_default/d160_p2_c008.tranm	b0ff3fe6a89d67be015607ec3ac8cbf1da0a2afdde54c2b15cb2238e7e23ffc2	91b8c2eede4e1866bb8e36054373ceb8386be2b986121572976a200e3b60774b	9047
bin/demo/graphic/pc/p1/motion/p1_face0001_00_default/d170_p2_c001.tranm	e7dee697eec358bb00c7045445182bd230a0b3e6fd5712bb2a2e70745252a1f9	e1a7a2c77bd65f09b6d8c39555aad18c153fd8f7719affbb90ec8c1e62a89d27	13508
bin/demo/graphic/pc/p1/motion/p1_face0001_00_default/d170_p2_c002.tranm	7748df101ee3afdbd2b73c9fc1e68539b5a908ba0e49912d7c99add4c4b44d9d	8fd2286f4db1d3bf7325f969a850cffdce27f36e6feab6480142801f0baf0b19	30483
bin/demo/graphic/pc/p1/motion/p1_face0001_00_default/d170_p2_c003.tranm	3f07b30687dbceb4d075aa13bd4bd221a96ce8b28a825a7c76264042a76f1ae6	feae9a7cb7b02f1ba670e3a8780897b1b56a9494522b789fc55b21d29975dd78	3517
bin/demo/graphic/pc/p1/motion/p1_face0001_00_default/d170_p2_c004.tranm	422cb970c612fe42794132c7cd2ce5dee6f8e292a08a29d37f431a5ce285ff1f	a256b3acb45eb0e8dd3b76505cfc34ce6442d5a30ad5a62494622c50c5a97772	24525
bin/demo/graphic/pc/p1/motion/p1_face0001_00_default/d173-175_p2_c004.tranm	494a2345e2063e503b67f135046a655b0d3a2ecc3988d0dc21d9afb28be176bb	a1cfa77de95a581f5518be97faeeb80c422abc50d0c80c1f0a8f944c935861f7	19275
bin/demo/graphic/pc/p1/motion/p1_face0001_00_default/d176_p2_c001.tranm	69d86887b9a955bcf0cd1d082b6fcaa585dd866c1eae809ff3fad7c35c199adb	e9d4bc3f529be120a57fdb40f8da428909f4e92935389b5820b2fb7534c55f96	13789
bin/demo/graphic/pc/p1/motion/p1_face0001_00_default/d176_p2_c002.tranm	999d86f70a85bf9215aa0e230aa0908735df33cb34a7358f79237e17e7d67e8a	e455675ecfb60ffac98842a93cfaeca7d7d5777396b10cf934bcf671d4c7f940	26396
bin/demo/graphic/pc/p1/motion/p1_face0001_00_default/d176_p2_c003.tranm	30ecaad43e468502533bcfc57bd7789891bf68d9f6d04c2d2ce387c49b34a4a7	2f16c5fe210500b258d93aa096f6fc47f0c860ba8c17bdf56399a264cc6a1158	3425
bin/demo/graphic/pc/p1/motion/p1_face0001_00_default/d176_p2_c004.tranm	f08ebafc742a49ea593b33d4b8b330a45b7f97dce8a34ec87c2ca39fe406dc9a	628d2f2a547f65aaa62a858148467e1dddae44f9f8c9fdfff4b230e75ad99c15	18160
bin/demo/graphic/pc/p1/motion/p1_face0001_00_default/d200_p2_anim_c004.tranm	dd2e177f8fac875beb0aee2aee63271b5e1588892bbd8e38fcf0c8bd29e80095	1cda4768c128ad94a846a5567b95904a4ac1e1968aecc8b847236ce7209f2d33	58888
bin/demo/graphic/pc/p1/motion/p1_face0001_00_default/d200_p2_anim_c005.tranm	4f1f3feb28244d90fcacf83d85f42144a88d15f8bf027b116b686b23e4e9b71a	794def546e322d9ddb9921a32c917094af458e70b73c2aee33bda2aebe7a104b	8680
bin/demo/graphic/pc/p1/motion/p1_face0001_00_default/d200_p2_anim_c006.tranm	616fa153c091aa815dc409b4104f0239e534fe73a35fbfc45adb841a026462ba	973fcccc13b417d51c362386970eb431a42f3d2431218d70a901b26a5b2d818e	1226
bin/demo/graphic/pc/p1/motion/p1_face0001_00_default/d200_p2_anim_c007.tranm	4e39f73787d731d9f8aaef214cc4b171e27233187a7087cef7d25fbf0f6e87ac	a6d8f9f6769b7bdc8ff0f523a19b558db6cae8b71429d28787abcb6b351798c0	68364
bin/demo/graphic/pc/p1/motion/p1_face0001_00_default/d200_p2_anim_c008.tranm	bd44b1a46ae61666c205253231dfe26a9a62a7acab81c3a01d6be6498fd24769	5cd7817654eb9d8c52439774fcdac1b129c8183d9858674cf34d4266f0d7f3b2	6666
bin/demo/graphic/pc/p1/motion/p1_face0001_00_default/d200_p2_anim_c010.tranm	ac4e4c2c4bc1507698039137ad7bd075f1e663c9f222a19a9ec4f162f7f74873	81c6e477b6edacc914706b29330225aec7e1fd262dcdcddd8553183d74a00858	2741
bin/demo/graphic/pc/p1/motion/p1_face0001_00_default/d210_p2_anim_01.tranm	63da0ce1a20e5519fa634037c06c766e7df434e04b6173b94474c319ccf6164f	ecf2fa6bedad3553501fa61dbb1b08d26f615df74329313c7e6b94d79f5de1f6	53308
bin/demo/graphic/pc/p1/motion/p1_face0001_00_default/d210_p2_anim_02.tranm	1a168e47790e9763934c8d468627afccfeb6bbdbe9ceeae0e807b672e4366265	654b98e190de4fd0e6a0ee66e00bb0fb5492dc2b5065b880b6d163156e257080	16412
bin/demo/graphic/pc/p1/motion/p1_face0001_00_default/d210_p2_anim_03.tranm	3c9538fa53a66c395ebef38345586f7cecae48d46009db81d964a0eb5edf09a0	41fa4bfdaeae2f17c475cf30f5e0053e80f13346cb5601165a89a9991b0cd09a	49943
bin/demo/graphic/pc/p1/motion/p1_face0001_00_default/d220_p2_anim_c01-c03.tranm	eda8401fd6262fc36368fc8cda35e39b30b04c6ebdd1afcd2571bf45256eb978	6cc25bba7b127c90adfe89f75616a93c03cd3df533283fcf53e551aa20b039f2	39552
bin/demo/graphic/pc/p1/motion/p1_face0001_00_default/d220_p2_anim_c04-c09.tranm	ecf67a581f8a7cac3501498fca3fa9c352d5bb10686830505c3640c07685ceca	28384f804c5d2333ae4914d757b130d1b1bf62aaee13c3055e8af07c07719114	47442
bin/demo/graphic/pc/p1/motion/p1_face0001_00_default/d220_p2_anim_c10-c12.tranm	a1c90fd2463773c1a3207925e6890e0a29b8acc745c64fcd03da2abf2fc9b679	b653ec7c2d633454e491f0a34da2eb41750da546c0cda53e998e65ce5740ee64	4994
bin/demo/graphic/pc/p1/motion/p1_face0001_00_default/d220_p2_anim_c13-c18.tranm	397367a39e918e14e4c92c83466a986ef251c6c09fffaa3b73c0dfd6f6898a24	fbb0804b8be7013c45c58d5f3b2cbbc98dd4eaa4299f6b36175eeb50f223c427	118738
bin/demo/graphic/pc/p1/motion/p1_face0001_00_default/d220_p2_anim_c19-c20.tranm	0fb364389573cd775d6d8545177bd137c9e8d3f688d02ca9fd4b319d844a8592	cc85db62a34b6e9f77997240f4ba6556291d88fd4b426a20b97be062814b891d	46044
bin/demo/graphic/pc/p1/motion/p1_face0001_00_default/d220_p2_anim_c21-c23.tranm	0c3e015a76dafa43b416b4aa31395034af23dcbfe1b433c031c8e47f3f234751	069c06cb961cbda4576b06d1b5d72229bb4e848908fa28b5060e87dc6a5d383e	64780
bin/demo/graphic/pc/p1/motion/p1_face0001_00_default/d230_p2_anim_c01-c04.tranm	971262885503817f09aad76c378508b579dbf2562ac3b1909c23b4c6fd80d0dd	a3c3800859af974b965c528c9648c82ba38bc9459e8ba57611fa2d5aae5d262d	96032
bin/demo/graphic/pc/p1/motion/p1_face0001_00_default/d230_p2_anim_c07-c09.tranm	4f984654de5a6c9077618881cc31202df83c754fcea483abdee69890012fb97c	e519666c8dc3a8ca91e67c237b52177fa317ab2433eda126925a973d64081445	32537
bin/demo/graphic/pc/p1/motion/p1_face0001_00_default/d240_p2_c002.tranm	1610acf84d44f6c8676a4e269d69f309138ebf45ce1f61419e880512291f004e	427c3000c52e4a11e48e285c9880b9a78a315fa9f351044a3727eb7365fc5192	11702
bin/demo/graphic/pc/p1/motion/p1_face0001_00_default/d240_p2_c004.tranm	ecb9e36d48826db7fc3d98879919e2d8a2208ea9388e0b4d554e48c1515361d1	5a3fad4d1083008cb4d992d03ce27a478060dce92637ee98de45c56bea71e6b4	25049
bin/demo/graphic/pc/p1/motion/p1_face0001_00_default/d240_p2_c005.tranm	0c12a0b2f6ee47e7cab1eaa13d7e50b1ae22be364e009ea32629d7d87d1b13aa	d2e70ce2dba0a0154bc1e16d443463f26e49fa7734a87e462320ad1a65cf12ff	3819
bin/demo/graphic/pc/p1/motion/p1_face0001_00_default/d240_p2_c007.tranm	a2bed8c86ddd2d9d00471ff597e92c5affa032f792a13ffd0dd5a3e48326b70a	5787c35401848f8029887141ab7f9fc29bf75fc6ba23186a5bd2a6bc1d628744	20444
bin/demo/graphic/pc/p1/motion/p1_hrs0003_00_bundle/d020_p2_c001.tranm	29d80c8c3e6fdcd02ea32c6ebb06ec00b39f65d553ced7db2bb9f52ad3cccc6a	b9388b2ca3c5170fc1b2711580b5df02f94b09bd50c0726d53ab8994bca0ff28	17438
bin/demo/graphic/pc/p1/motion/p1_hrs0003_00_bundle/d020_p2_c002.tranm	32bfaeae72d87053f7f3fc953f4a7e3151c71ab53bff079f2ee8842db00dc017	6df15716fe21bec12b026c55f71c7c0e5b8cd8df0791f44b9b4a5ea242e18fc7	11578
bin/demo/graphic/pc/p1/motion/p1_hrs0003_00_bundle/d020_p2_c003.tranm	f968ec59f2b392853bf449420f18d1da134a41ff82622ffc9b4db76c1a61701f	c515adba3c0ed4826ddebb550ac593240b667a1fb29734ab3dabe98ca01f8577	10456
bin/demo/graphic/pc/p1/motion/p1_hrs0003_00_bundle/d020_p2_c005.tranm	6ad862994e527a99aee13be38a93a44a5938ff16181ff8d5197d6a6261f40445	f4a1a768b0e5f4c162d2149754d7c363dab8c11212daab49d04e7bec6a447dab	15178
bin/demo/graphic/pc/p1/motion/p1_hrs0003_00_bundle/d020_p2_c007.tranm	a1a7577748ffda3c95bcd3d5f692f75908ae81d134e19af22d42fc91a1c528e9	9e4cb808fa678d47e5da0f6d76f1501e8fad3f98bc67a8cf1c9f693d05707f76	3652
bin/demo/graphic/pc/p1/motion/p1_hrs0003_00_bundle/d020_p2_c008.tranm	d872a8b93582cf0f415918662d435eb27855e8fe0a6ffc39dbf9283a5b116f25	8a913ebb607d13485400adc738b16b8337112bdce996bc313df26ec5bb550717	4830
bin/demo/graphic/pc/p1/motion/p1_hrs0003_00_bundle/d020_p2_c009.tranm	57c1301f89c8f28e5bdbbb8d60cf5737a7c4dfa264a711bdd9f8be731c1db3cb	24a2913fbf03d2c3cbde9b5529178f56b291898ab2f65bcb848af8731cad87a9	8562
bin/demo/graphic/pc/p1/motion/p1_hrs0003_00_bundle/d020_p2_c011.tranm	f8984e22d3ff1f22f9f301727a25c83418ee3c91af5a42dfd0d62f1568d9bf3d	28fef380fd0760cdea9fe4eecb881622f799c72f21057bf3e6a382dffcabed8d	4850
bin/demo/graphic/pc/p1/motion/p1_hrs0003_00_bundle/d020_p2_c012.tranm	f8bef9154b93f7e7f24329682ae9a41d1e02ce99c5964c3bb93dc1606ca009bc	a84bc2adb7dd42f2e63a0d871dd3ef15d9cda8bdfe7bfbb3d0ff2076304a9131	14118
bin/demo/graphic/pc/p1/motion/p1_hrs0003_00_bundle/d120_p2_anim.tranm	764a1b3f844955d33043fcc1948a9cbb5211031f040dc65ed63437481f226196	6f5eb77542f94ef405fd26c3a33a0258705b2e7fad5902c761610d41d35657e8	65606
bin/demo/graphic/pc/p1/motion/p1_hrs0003_00_bundle/d130_p2_anim01.tranm	a91273799f5d1105484d26cc12de06a3f083af00c47e9371796d9e5d986b9c80	fb90b4dd01cd9df7e6fe6d16bacacafe6adc03085bfd46e7d6aaba39df134466	44052
bin/demo/graphic/pc/p1/motion/p1_hrs0003_00_bundle/d130_p2_anim02.tranm	6fad44acd54cfbcaa1110f644c97a972f2e39f139dd65cef00fc2eda1b6c6284	a202a5b36dc5578517118c51de6d31881488963e30bdec9fd229be2139e4bffd	4804
bin/demo/graphic/pc/p1/motion/p1_hrs0003_00_bundle/d140_p2_anim_01.tranm	0632958bb4c4d873b15dc764ce059e57a4f1329b323989d6e5dc08d82ed6fd0e	0239b2f7687aa5ded17e6a4c360358a17820d143e04329055c04e98bbdb2e6d6	6596
bin/demo/graphic/pc/p1/motion/p1_hrs0003_00_bundle/d140_p2_anim_02.tranm	38d87b594501a43e49d3bf51c571744e72567c17c3f36c3c81e624147830b2b6	d4bbb1932a67a074d322e2c44ee843d52a3f0e116990c2c4da577c119c0792f3	10484
bin/demo/graphic/pc/p1/motion/p1_hrs0003_00_bundle/d140_p2_anim_03.tranm	64ff0adedb2653cc77fa1e0c484c5bbd12b620c9b2c432b281b9d83fc329a0bc	27323d0109c7c86db2224cdfe8941e50499d94e7935809638fad44e64238f089	28112
bin/demo/graphic/pc/p1/motion/p1_hrs0003_00_bundle/d141_p2_c001_anim.tranm	2bfa79e7ed173e1a987002a4ad52f1000edca85f5cd2e2ba026bd7a0a53188af	2e8023dcff70d4243b7f16082fd94c82fd378e1091ee5e89f3361755912b8c49	12394
bin/demo/graphic/pc/p1/motion/p1_hrs0003_00_bundle/d141_p2_c002_anim.tranm	fe4f298e103157e64a00e14a477813857273c14ebfbd9eaedcecd70e2ea85dca	926828180195f8322606a9315289d4ad68e776fb0b61d383430e2979fda00dae	11946
bin/demo/graphic/pc/p1/motion/p1_hrs0003_00_bundle/d141_p2_c004_anim.tranm	bc51fc015abc64f6d54172640dd331f2a16e4add4b5aff856e8c477981b48093	5727acbbbeb63e837449a1cdef77df0edbf4a989069680c3921cfd5974cec93c	9606
bin/demo/graphic/pc/p1/motion/p1_hrs0003_00_bundle/d150_p2_anim01.tranm	4c6503381bb2bc5efbd57dbf029cdc22f3e8f2f9109735e1c378f43eb5d32f46	7a7f6ed2519d92ea9db5dd6ea4cfdbc77be095d0ac8feb1720aea8abd81c8669	13524
bin/demo/graphic/pc/p1/motion/p1_hrs0003_00_bundle/d150_p2_anim02.tranm	41bb240209d22e547c6486e6c5f8b0d35d974aa0e46927606c1f456f50d85378	e7982cbfde4b6b96940884b61bc932ae9e437b5de4431bc2c049441e39146187	10536
bin/demo/graphic/pc/p1/motion/p1_hrs0003_00_bundle/d150_p2_anim03.tranm	5100b2eebcf49313b93fabbfa84cf9f4dcddd5a7edf38522194eb257e2afb8ca	bbea636fa5ea0a4e0d31c66255813344587a32c350e85cbb92308eb35dd737f1	4424
bin/demo/graphic/pc/p1/motion/p1_hrs0003_00_bundle/d150_p2_anim04.tranm	754b41b68851dfb5c83074b1fd8515319b46b6e7dd14e3f0bef4608d95f5b8fb	f4574b3a36293fc496303c382470be64e97b47e2b8553e2a4d82e7c28d9af214	8132
bin/demo/graphic/pc/p1/motion/p1_hrs0003_00_bundle/d160_p2_c001.tranm	bce287ae2693c114b3ee9347a764cd5fb211f158045ce51aa87d88323bf8f63a	7a57c248223ffa8b5262e883ac164ea8ec899fe42cb49d8b65837cbd804c7226	12846
bin/demo/graphic/pc/p1/motion/p1_hrs0003_00_bundle/d160_p2_c002.tranm	3222002a28d4d7aebe6b915c0f2b9baddbc1032a302fb684cac56529f0d44d08	bc25345c42b186cc1d56064e32afb8fb891ba808283c3e5dfcac616f68b99c4c	13834
bin/demo/graphic/pc/p1/motion/p1_hrs0003_00_bundle/d160_p2_c003.tranm	9066529bdfe453bb78b092022a5291c5f6e153cfe0bbc95b99b8448432fb1d4e	e92bd064e36aaa4782ba785fa75c5d5b3e11e4036e9ccd88547c4f9e73b4dfcf	2994
bin/demo/graphic/pc/p1/motion/p1_hrs0003_00_bundle/d160_p2_c004.tranm	cb97fc0a5bc77aa00ce0d4b09cd0471f63b7fb298d4ee2426a343decede41805	50ffd33dce1dfaa6c5a6ff2e54dd17991abf76042e8f6f3e4e4cf8da4fcaea86	24638
bin/demo/graphic/pc/p1/motion/p1_hrs0003_00_bundle/d160_p2_c005.tranm	eb2bdef48d477c6f333f6339f1d06ef015228db73d8e86ba6cce96ad2cd9af3f	c3bb0b4998a75787bcca1c4f1a6f230b4648dcb81653233db5b194c8ff327b10	18234
bin/demo/graphic/pc/p1/motion/p1_hrs0003_00_bundle/d160_p2_c006.tranm	9b38f13b16dcd3141264178c18daf2d7afec98939e7e9b38cd88b31afb77f44a	4c4ca0b8a6f7389b7fa95e00744df45381a36edee3d94d0cd4cafc1205f0ff4e	17370
bin/demo/graphic/pc/p1/motion/p1_hrs0003_00_bundle/d160_p2_c007.tranm	9bb035d52420f72cc69714e326ad2441c0aefdd728689d6b5b0ee644914e7f04	c895c0f06fb47ac7151c9d5613a9cbe5f73cc505ffdb5b345c64d2239c1cf608	28638
bin/demo/graphic/pc/p1/motion/p1_hrs0003_00_bundle/d160_p2_c008.tranm	52c379c8f200fa65f69df8ad89c93dccccbfe579f4e531055737029fa37b9cea	ffbb26dcc352dd66b8e38e0ee24ec8939a1be6d28cfb1eedebc5508ea77fd41b	38930
bin/demo/graphic/pc/p1/motion/p1_hrs0003_00_bundle/d170_p2_c001.tranm	19066d396ae5130eb3bd8010a3931d1d14a2ffbd5fbeb0110f3e7785dfaff83a	401210fddba7ecdfe5118c810d783522a6fc706c26fa061e3164559b4c3977f0	3510
bin/demo/graphic/pc/p1/motion/p1_hrs0003_00_bundle/d170_p2_c002.tranm	b8562901f5a3afcbcc9e5180cbe67eb0ec09985a51929b2eb09388e535b8ef09	5e2a1d22d8a592182565546b066044535f7b6b14fa228450f506c43d82dabed8	14402
bin/demo/graphic/pc/p1/motion/p1_hrs0003_00_bundle/d170_p2_c003.tranm	1a7285e9cd7c5905df13a191eb0922243fa44106303edd8216e0bb5ba17d2c17	237d8c60dfe424d3d1ef8008df94ebf4b213bd2ba9d08dbe60a83cbda8309704	18550
bin/demo/graphic/pc/p1/motion/p1_hrs0003_00_bundle/d170_p2_c004.tranm	d88547cb74a0a57ad14cd8adff96d81d6c2acedce13a4724be3977fac239b48a	58f3774692c5690c720b313a96898432357f58c6f13c00c072af611af48a637c	11790
bin/demo/graphic/pc/p1/motion/p1_hrs0003_00_bundle/d173-175_p2_c004.tranm	b48a251901ca707343dee4fa85abcc6408bb56c777b4a515688c054cc4f64638	58f3774692c5690c720b313a96898432357f58c6f13c00c072af611af48a637c	11790
bin/demo/graphic/pc/p1/motion/p1_hrs0003_00_bundle/d176_p2_c001.tranm	ac0559492ad79ba3c532adb7111e548a22eefe30a35cbf2dcd80927bf84ef444	bf84a7700f1e4ad63cf9066360e01fcfce6ab8b2f19cdf64936f4b6b867c80e4	9806
bin/demo/graphic/pc/p1/motion/p1_hrs0003_00_bundle/d176_p2_c002.tranm	2ba1e0d9fdd6cc94c1204063e917fe022197a306efc3febb596bdd0a7ead78ef	ccbb4b696203c6ab6edfe07ef9fe2777954db79327f90b3c757dcb81f6aaa84f	14658
bin/demo/graphic/pc/p1/motion/p1_hrs0003_00_bundle/d176_p2_c003.tranm	22bcd4d7d8668e9e382654924891168f1b9b59fb03129d2a4293c236035ec7c4	0b53a96140ea19ca6e0f71786d2fda006dda57f415603f3e8fc647d8bdc5a11a	11770
bin/demo/graphic/pc/p1/motion/p1_hrs0003_00_bundle/d176_p2_c004.tranm	a9f97a2408536b365100fdd91b824c05761458a26389417e8e0a26c2b37eda68	2223b3c55613deaf2df0c194c0fac288784006e8814c429503db7811cc0eb3f3	10022
bin/demo/graphic/pc/p1/motion/p1_hrs0003_00_bundle/d200_p2_anim_c004.tranm	c89eb931bdd4179d5a60e8ec71227e4237f216b357520f9d877c90f66fbb4006	30d7ef05f42a9aab018f87b3083fdecae8ad11ac5ee26a96d31b8b603985b8ef	23112
bin/demo/graphic/pc/p1/motion/p1_hrs0003_00_bundle/d200_p2_anim_c005.tranm	dffb95f5e422a88259834b1f5c1b4e8f5762b44d8b46f3caa17e9a861e9b68e2	40e02ba5cb562cdf90aa65064bdcaad53aea4efbef01c9d0b1a4d147a12211f9	33644
bin/demo/graphic/pc/p1/motion/p1_hrs0003_00_bundle/d200_p2_anim_c006.tranm	1d5046c750ca5864f86a9422630c70ff5bdfbd66bc8324af3135cd3ec489a0e0	c4ba8c7bef9c57d34eb2ea21f7b51994f3ccd3fc1972812362798059a5339ce3	21312
bin/demo/graphic/pc/p1/motion/p1_hrs0003_00_bundle/d200_p2_anim_c007.tranm	b049d7e0c2e59e2be644b1b803f4902d58851d0154b893d62880e70e001cae1c	287187c48dd75480fc649c66131604b658daaca51ddac984649a6e3630e142d4	36120
bin/demo/graphic/pc/p1/motion/p1_hrs0003_00_bundle/d200_p2_anim_c008.tranm	42c361b91ca2fcc70ad889bd960a6c5527094257cbaa2492d6ef39b649ab6193	e31ada226f3b42b8ea9a8c1f825deb3a75d8326d414a184abeed34580bae6cf7	27636
bin/demo/graphic/pc/p1/motion/p1_hrs0003_00_bundle/d200_p2_anim_c010.tranm	72ac6e5a40382e97fb54979cfed212f7597fac514a04d4b14f937f3574e79afa	93816ccecb3ea7820647b6914fa20e0a05657e3e53d788ac166fd380af738f30	12390
bin/demo/graphic/pc/p1/motion/p1_hrs0003_00_bundle/d210_p2_anim_01.tranm	1ab05778acbd9ebddba9052bfeeb357c6bd6bab3b0e219486b96e5636f428736	c6f4dda0eb909a3dd4baec7f0fc6b6a81bebd51b8c40f70de1ecc59fb5217e1c	28532
bin/demo/graphic/pc/p1/motion/p1_hrs0003_00_bundle/d210_p2_anim_02.tranm	3ecfb84e22ba03d91867f98f0dc0d025f7b40a4d9481aad5bae113ab6774faa1	4935139bf22f11ba17d7b10649385e156f9b086f8527c0d373600c4af9da25de	7968
bin/demo/graphic/pc/p1/motion/p1_hrs0003_00_bundle/d210_p2_anim_03.tranm	2f607552491fa8ab5096088f9c3c9cea7d214d87210ad259458c9a6e1f1f41a4	ed8bc07cb6895d4891184913885ea11c80fed7493dffff598585a60dcdba6bf4	36842
bin/demo/graphic/pc/p1/motion/p1_hrs0003_00_bundle/d220_p2_anim_c01-c03.tranm	403beefd497a135e32b0d6cf919bf6b7edc2b314c935fdf0eb35134113e5e36b	deb532a2383d38433c0621262af47cfd4686728fc2b0ae7bc52ab789c4b862c4	14304
bin/demo/graphic/pc/p1/motion/p1_hrs0003_00_bundle/d220_p2_anim_c04-c09.tranm	899abcb2013bbdb6903181a8dd626ea885786a03001c8757694c89de9cbce02f	d0b00a8346f9e6d18ac3456a88855faca123c040c9ef7c7ba60cd25259337e52	24556
bin/demo/graphic/pc/p1/motion/p1_hrs0003_00_bundle/d220_p2_anim_c10-c12.tranm	376254e5f76977cdf926643b8fff25395a9a723aa86d30633837d6379f9bae5c	0569794f0caf58055f273c07e69c00bb39a5917f612a8b2cbfe7bf6d8bd57ee6	12796
bin/demo/graphic/pc/p1/motion/p1_hrs0003_00_bundle/d220_p2_anim_c13-c18.tranm	63aa884c70b21540f5a003bece44e6bac4f6de59b46afb62a96700bb77f06667	d9d84cafc6573bc90cb8c3f094bdfca4b2fc58caca6cacecbffcc64dc6b96cbf	35708
bin/demo/graphic/pc/p1/motion/p1_hrs0003_00_bundle/d220_p2_anim_c19-c20.tranm	a778450e30c047e4ccbde22c680c9e4bef5ce7e0e16dc55f21fdd1891e9bafe1	88b22a5b60a6b1c86a18c5736add5c5697f897cd537b8b663d52603a7f8355aa	27036
bin/demo/graphic/pc/p1/motion/p1_hrs0003_00_bundle/d220_p2_anim_c21-c23.tranm	7487e148b4532f9f28f990aff757f5502b988a248f2203870a9361dc8cf709dd	c74f615ea56f3937830f6159ff16dc9b75cc5c99aa963cea8d106dae10acbae6	23722
bin/demo/graphic/pc/p1/motion/p1_hrs0003_00_bundle/d230_p2_anim_c01-c04.tranm	00938d5501d91cc1ad940c795808b9072cbe242c5caf9c89002af72b72532ed5	5630220151a2b0e46f0953651fbbd38c10ff6eaca487efcb2cc0007a672c426c	37396
bin/demo/graphic/pc/p1/motion/p1_hrs0003_00_bundle/d230_p2_anim_c07-c09.tranm	a4b3870f591455ca29bd55c0d2bd4e8c715d8a1ccd0ed9f7013a3134be0d92af	108ebce70ec9f7dccdb808b2a40f6f5f2656792c6a6a4a618f9ff5cc7966d87f	17170
bin/demo/graphic/pc/p1/motion/p1_hrs0003_00_bundle/d240_p2_c002.tranm	c0da39a920c0c347b85aa6cc504f9f1f0b936a94499aec7cfcd803a3cef7703c	f0fa0fb7c9816389bbbd06e4fd5e49f2b415da3f7e8e0fa3a227e8106429630d	24894
bin/demo/graphic/pc/p1/motion/p1_hrs0003_00_bundle/d240_p2_c004.tranm	6d51be43b369e1b24d6393261b42e8f7859c95a00e11fb25803cd9f267594162	529bd8042fcbd092825a4bfe8916205c92f402c14d7b1e0d7b6bbf6926a20ae8	17758
bin/demo/graphic/pc/p1/motion/p1_hrs0003_00_bundle/d240_p2_c005.tranm	84785a26601ac0508e3c90f1ad4508464a4865e43361a6a7c46be455412e6dda	e1574b907155ecc2131962113a06ed9220794b5bb1f63e21d9ffcc8ca25ea1f2	31722
bin/demo/graphic/pc/p1/motion/p1_hrs0003_00_bundle/d240_p2_c007.tranm	20e27d1abf96f06ed45a64a09b488230c8b3e360179be5f7418e6eb770125105	ae3091b829ced3dd53cf53edd16bfffe69000e9b6da6937d9715f5e027c3261b	12958
bin/demo/graphic/pc/p1/motion/p1_hrs0015_00_braids/d020_p2_c001.tranm	c7f8c2f84197d7de83215e98f1b4ab5276bca2e53b68231f6bbd4e9d76093854	132f593ddbda1d70f0f69f68f0f62a54d7289e6942767a91bec1006d6df1ec21	16813
bin/demo/graphic/pc/p1/motion/p1_hrs0015_00_braids/d020_p2_c002.tranm	b3c515ee5684ee0852c151f8c75d4174c6dbe19ac6f760e7d63620a7071f5339	f81cd36ab25fb5a7fa2b1388cde1fbddd4a21e92e2bd3172a88aa87ecf58bcfb	10675
bin/demo/graphic/pc/p1/motion/p1_hrs0015_00_braids/d020_p2_c003.tranm	0539316dc21e399dd75cec05e2c69732fdf6c518ec7d3a51f1361df782fff104	67a9ffe370e2dcf1f865e2d8fa8dbfb341d96646d3721e104f8317379d5d252a	10215
bin/demo/graphic/pc/p1/motion/p1_hrs0015_00_braids/d020_p2_c005.tranm	40f4be7d520d07aeac99b8d6a3019de3009e547786ae363f8847e3d258cacff7	f6ad1fee34585f0cbd97a379a22743dd8288b5f9b744f5bcfa4173f99541ff2c	14305
bin/demo/graphic/pc/p1/motion/p1_hrs0015_00_braids/d020_p2_c007.tranm	380b39a9162fdf9829037f2b76765c85dd482c471335e70e8d2abc210b6c077e	3ec7a3b577d27c362b94a2cb4e2c449ae90120e9990559f16b62df119418bfb9	3381
bin/demo/graphic/pc/p1/motion/p1_hrs0015_00_braids/d020_p2_c008.tranm	e489a6bb319bec0cb57cd05c0892e57efb2b8afe165150e84e8a734e9961cdfb	94e05c0a561663d35e1cfb189ca025fb3766e3e2489d32b5bce25f06815aecb9	3927
bin/demo/graphic/pc/p1/motion/p1_hrs0015_00_braids/d020_p2_c009.tranm	edac364d503a47fd51b609b4e4c0d61fdd2bc7248c3004728b6c8163fd747246	77b01744f491abaa9b715a3d84fa0fb0208c89874c225a134a3e6211e82e78e0	7839
bin/demo/graphic/pc/p1/motion/p1_hrs0015_00_braids/d020_p2_c011.tranm	82691fa8a4b94225e41d54759a81198e60d021347434bc6ae4315f43ac46579b	a337907661a9c667a59cb2e732812224655e61be862a81432eba50b9a4b71ed2	4037
bin/demo/graphic/pc/p1/motion/p1_hrs0015_00_braids/d020_p2_c012.tranm	6df42b3afa322887147d2f5ccd38b2b218729d6795fe9a3b7429d7addfbbee90	75c775b790f5bfd5258b618be806adad3fcf1840a70c40c16fab99a3a078617e	12675
bin/demo/graphic/pc/p1/motion/p1_hrs0015_00_braids/d120_p2_anim.tranm	054bd8ff6a07895411f81d5c41bcf40d331da98c5c8f0e28a89295159d8aae4c	c019f2f2ce9f1ae10dcbfd253daf3683a95b3cc2c45e7cf91c7a38e4478fab07	49557
bin/demo/graphic/pc/p1/motion/p1_hrs0015_00_braids/d130_p2_anim01.tranm	c459217f92564a32c2c10a88404b7cee504f993767c3df00ee2c19d25bba7ebe	d2d10d6da21834b3f4cafd28a07148cb08a58b10a0e3d6bd5e4b7ac045139926	34594
bin/demo/graphic/pc/p1/motion/p1_hrs0015_00_braids/d130_p2_anim02.tranm	eb3cbbff37b9d80504485954c63b1beec53c549f649846d8f9183970be084116	b4e42e5352c2621a84eca0b887929224b77334eae029f18bd83944e5c6cf5a7a	3576
bin/demo/graphic/pc/p1/motion/p1_hrs0015_00_braids/d140_p2_anim_01.tranm	d45d8f4f297da1b78ab355006b4bc07881e41dc134a0597e25f51e36c31a17f8	a4b7061e644e25ce3f8a0d63940883747e50443f38a0094468229a84046eb711	4176
bin/demo/graphic/pc/p1/motion/p1_hrs0015_00_braids/d140_p2_anim_02.tranm	cf7f2acf6ec3ce17d89f22c337d53e2b1c3775f491ad00310a4209e91e9d92e2	d892a4bfedbbebd15500bbca5fcb5cffd2e305046067b34d1b212d6d52b80a49	7968
bin/demo/graphic/pc/p1/motion/p1_hrs0015_00_braids/d140_p2_anim_03.tranm	888f38d3b5cde7a9b5ca0a4a01dad0952124b94e6903d12063a55316df9d7744	631cd6e39335e55da2cc199195e4dba3a49599794451172cff079d18aa8449da	16686
bin/demo/graphic/pc/p1/motion/p1_hrs0015_00_braids/d141_p2_c001_anim.tranm	7da579ad57c16ac5ccaf14c965c63615cfa99c6616ef8d0a23d474bcb0a61367	587c3e6467a06f9971a86fd7957e7e07a4febcc40bf9c390c94d0b3e8149d4d0	11863
bin/demo/graphic/pc/p1/motion/p1_hrs0015_00_braids/d141_p2_c002_anim.tranm	a31cbcebe2649e8803ebeee9d8cfb316ae1559d1c166ad74359db7bb0569105c	d03ad24369821e70c49dc063401f879651953df58b5840ffcda71e1d33d7ebc8	7396
bin/demo/graphic/pc/p1/motion/p1_hrs0015_00_braids/d141_p2_c004_anim.tranm	5381cc41d92d6af843904705bbd72e553b149fe2584ba92a917a3783bef9b97e	83424b87952b1b7c8e50aed90e8a220562e2c546b940beb91d1891dab067d173	7297
bin/demo/graphic/pc/p1/motion/p1_hrs0015_00_braids/d150_p2_anim01.tranm	0aad32b9e5f5ef0a0b1e2283a08b6ec027a0695e7e2188075b27a6a9463177bc	cae2dc8887f071bb3c2e48641caa5877cd15975d0a2233048db36f036cecdc8f	9094
bin/demo/graphic/pc/p1/motion/p1_hrs0015_00_braids/d150_p2_anim02.tranm	faf000905a962dd6c17628acfa5f6bbdd91ea56e64cd75e057873b785eef2b17	ce0e9c53ad45ccfa32e146629db7da24876222fbe9bdc17983316dc19a02578e	7912
bin/demo/graphic/pc/p1/motion/p1_hrs0015_00_braids/d150_p2_anim03.tranm	128913f32d2690c8d45dce5f354319b69f39696ea4646c119659c956749f5638	2df84c42aec060924904dfd11c2e540661992c71a7d70e61ab41eaa36001534a	2780
bin/demo/graphic/pc/p1/motion/p1_hrs0015_00_braids/d150_p2_anim04.tranm	df061a84ec008191b68cd75bff5b52c559b058a4540b43870bd893efa85a8449	33b0ca93c38d5e2ded6288e4e88b85d5f75dd92b00e0614e1f8f93a796339413	5656
bin/demo/graphic/pc/p1/motion/p1_hrs0015_00_braids/d160_p2_c001.tranm	f3bdbd1b5d124c566562276562ad261f8a163552e7cda13e416d4af468277789	4383dd23528188dcc81db3445272d2ab18f4c7dc6d95e55214fe0da555f8bf77	10241
bin/demo/graphic/pc/p1/motion/p1_hrs0015_00_braids/d160_p2_c002.tranm	eaa7d37bc501078f97a46c253c486de64b5c17d7a0abc53dd0278f7516a11404	d26f556cfee5589af269b2e90782ec2f223535b5c31c29e7efda2f3df850d570	10955
bin/demo/graphic/pc/p1/motion/p1_hrs0015_00_braids/d160_p2_c003.tranm	080f69fc390ba326daafd171cec5ea887abf4374419e0d32a133c30a220b001e	d16cf29a655d51bdd5d062962bc6db81754d93158cbe180cea6227b177c98275	2361
bin/demo/graphic/pc/p1/motion/p1_hrs0015_00_braids/d160_p2_c004.tranm	2b7f3b1c57f9db81f2d97f57499466f2f8bfa3aec95ecceae8738555aed60024	30f9824e074f582fc213e2ce5bfea7a1955fce4941b26dac82bcbe7f0040d893	18637
bin/demo/graphic/pc/p1/motion/p1_hrs0015_00_braids/d160_p2_c005.tranm	57558107f8fd6569fafd78d983e61de65078daf43ed7b42a684f2e8ba033a014	246ea29dfe198340bf3bb15575e9ace96c732eedd9b0da498179f40a4a3b66ff	12489
bin/demo/graphic/pc/p1/motion/p1_hrs0015_00_braids/d160_p2_c006.tranm	64cb6cfc7bde7e672f8ed61c65c478902f8c563a69ad3ed9bbda497b0ceb7bd7	80123aa546fae04dd457bb23c0b46c7b6be08822ea1b723ad7515b5db508ebe7	11369
bin/demo/graphic/pc/p1/motion/p1_hrs0015_00_braids/d160_p2_c007.tranm	1e798fd0624649e18cf5d5a43c9a33b438f43fbdc9254a86464ae48c4d25f3e6	767f374fa61df70c7de80f8ee58fed91734bbfa8ecdd45f9b593ca9f9c69ede8	12951
bin/demo/graphic/pc/p1/motion/p1_hrs0015_00_braids/d160_p2_c008.tranm	ec5e60e11e44572d5562a5f456f1b3a7d531203c5dfa4a3d5940eced2f119a36	a7d0b2b2b0e5d2a77e2b21d61cc0053025fb4a592ca4fe5f7b60cb2a1ec00bf5	28969
bin/demo/graphic/pc/p1/motion/p1_hrs0015_00_braids/d170_p2_c001.tranm	4a11902769b441f20a3d6d7b676744b0e54a9bc4941fbc82b6dc8b0b918074e6	377109325459a05740d9e0bf957fd7a87a9dbd60f10a72661ae42a791b4ce29b	2220
bin/demo/graphic/pc/p1/motion/p1_hrs0015_00_braids/d170_p2_c002.tranm	e332a51dabad2e35e86a12bf3e4612ec44ed819e03daab6c974c4035f9c22dee	27d1f914d311cad26d695807f5c239e6768924dd88bac8f4bb339cde831a7f35	10711
bin/demo/graphic/pc/p1/motion/p1_hrs0015_00_braids/d170_p2_c003.tranm	b4056406af66b5714ad20ada0d73aa519ce706137404d905abbe51d0880e226f	d288b0945e1b2b34935f10c65c4f4a8d12597481b57ae7758bb1d9df6aee5d94	13539
bin/demo/graphic/pc/p1/motion/p1_hrs0015_00_braids/d170_p2_c004.tranm	e0d63abd5a7c8f9b8e04634a0eeceb9aaa0857168d0f112546b06be969ad6da3	eac92e41144135a6a516d754dc82eb9e72876cf118eb3cc016e9f4a4987b1c23	7515
bin/demo/graphic/pc/p1/motion/p1_hrs0015_00_braids/d173-175_p2_c004.tranm	fa2500ffbafc34fad66e5388d859d4f1b3c527c8f690af09a28cdff5fd746f5a	eac92e41144135a6a516d754dc82eb9e72876cf118eb3cc016e9f4a4987b1c23	7515
bin/demo/graphic/pc/p1/motion/p1_hrs0015_00_braids/d176_p2_c001.tranm	371f70a0096c699e925e91562a1b74f740ecb4044a124bfea53a86e1c8033264	7d9f7dfc2a83c72e162a8a044a32379f01998d85654d45698ad9792cf0780cca	6969
bin/demo/graphic/pc/p1/motion/p1_hrs0015_00_braids/d176_p2_c002.tranm	7d3fa61aaa3dd54d685fc492aebae1b66a5349901cc41279f522d25717b6eb6c	4377e41ed389bfe58b4e8017b25fb31a2404112522742d2467d0c393285b92de	10967
bin/demo/graphic/pc/p1/motion/p1_hrs0015_00_braids/d176_p2_c003.tranm	4c02a95349a0ecdbb212ec7e2d364633841b7e0a8e04f429a68752601aa731c2	f771ce0980bfd5f8cd44841f16ab83c2f3a3dc2e1444a3553bf26390db6c95f1	13447
bin/demo/graphic/pc/p1/motion/p1_hrs0015_00_braids/d176_p2_c004.tranm	a38ab93930737ae9acba3637bec149f83de8da17e69ab3525f922d94274f34dc	6f669e866e2783a5a3a9ddd3a5baf699efd401eb51009169faa02fc703d78ebc	7219
bin/demo/graphic/pc/p1/motion/p1_hrs0015_00_braids/d200_p2_anim_c004.tranm	43c90d3098351959b04be6e8bec2eeaca1ba7b51c6747a30e693a940f0825369	3d7fab3b20f93e035a4ec3bf26cdebe8d84e765ba846fe7c1fbc31a71c193d55	23912
bin/demo/graphic/pc/p1/motion/p1_hrs0015_00_braids/d200_p2_anim_c005.tranm	96a31e0040d5bfb7ac74c6fa1c4e09efa4bf8da4e921e788bb885089d9f3109f	a1a4e8015bb6036964646098b224ebbe26bc588c9d594b748ba2a4172bc6daaf	24576
bin/demo/graphic/pc/p1/motion/p1_hrs0015_00_braids/d200_p2_anim_c006.tranm	5f729a71df98c98f9f9d55bf0fdcd4ea5296b5a09926860ffa3f9686b5a995c5	c4ba8c7bef9c57d34eb2ea21f7b51994f3ccd3fc1972812362798059a5339ce3	21312
bin/demo/graphic/pc/p1/motion/p1_hrs0015_00_braids/d200_p2_anim_c007.tranm	08e99a0cdfe2f5457635726e944ec765b000933be1900b887e54f99728aa4555	3be5b76bc4f5469697223c824bc9470ed78e0413166c6d524ff24ebbfa791905	28694
bin/demo/graphic/pc/p1/motion/p1_hrs0015_00_braids/d200_p2_anim_c008.tranm	14311a10d99783f0e4fece26f0562d73030d4a905de82b4431594879d0906c3f	03f7e29ec1e9c8beecd88122225bdffbc356e0d97e59445c2388144fea5b29d4	18278
bin/demo/graphic/pc/p1/motion/p1_hrs0015_00_braids/d200_p2_anim_c010.tranm	8e1e5f07b69a8cb67d016e764978a7e0950fbc315a5100f7f1cdde21f76c29de	b4f8bcea6674a2d128f1dffc4fa3e006de8c720ad7c7d6b4e6addadfb21682b8	10059
bin/demo/graphic/pc/p1/motion/p1_hrs0015_00_braids/d210_p2_anim_01.tranm	d3a90119b17b4ae9e0ca3b19eeabada7d95a52d355997967e50069e0f7598056	4049de1fcd6a72960ed5cb264719cdffa5137ac8e8b2a2e89d31933ab4f090ec	25492
bin/demo/graphic/pc/p1/motion/p1_hrs0015_00_braids/d210_p2_anim_02.tranm	d5f69495fa49ec21e60f643ab9a6eadb728c4d4d7361591b00d284509767a8d1	a405486eaac8ef2733031f7ff77a9974c02757dfc26dc57a3f421408bf6e61e0	7764
bin/demo/graphic/pc/p1/motion/p1_hrs0015_00_braids/d210_p2_anim_03.tranm	0e5625d933c1f6e58b121f6419fe99b38341c1b43d7563c1c300fb921f5eb79b	0fc2aab1dc5d3aa66be69df845cc98010d920fa88513ce9a44311cdb0dda0693	31223
bin/demo/graphic/pc/p1/motion/p1_hrs0015_00_braids/d220_p2_anim_c01-c03.tranm	7af8cef4f999ce2fa147d8eceb161e07d0ed0b625db8342dd9dfda47a65856fe	ffec1a7b80fd0bb1093667fb286e0d09147fa1f6fb09ab8bdb1d7b329932d48d	13048
bin/demo/graphic/pc/p1/motion/p1_hrs0015_00_braids/d220_p2_anim_c04-c09.tranm	6d8233bb583105161130604808e8efce2cd92f8fcc1f97bcd939b562dbcb2831	479474d33348d792689968b3e96a365f9c0e18baf11f9a2d8929637a97ee7dea	19430
bin/demo/graphic/pc/p1/motion/p1_hrs0015_00_braids/d220_p2_anim_c10-c12.tranm	807ccf118e221c91515fd7069a04fd3bb4bef983f7f2885d9430f96bfccca305	ea7095ae6a1472dfa5b708c12ad0bf466c18e891e6bcb21d736407a05a4d2c40	10206
bin/demo/graphic/pc/p1/motion/p1_hrs0015_00_braids/d220_p2_anim_c13-c18.tranm	d21f5e2a067e814b0310b09f8bc818a87e8ae44826bfdc0ee35d49c46ceae664	0d3c5932b5cb0f933598e539f1f347b7807b10e21e1842df9dccce4e8b838530	28250
bin/demo/graphic/pc/p1/motion/p1_hrs0015_00_braids/d220_p2_anim_c19-c20.tranm	5a2bd64cc6105f7871e8b326486b49d397d98defa72665d9b5db4577c6d65cc9	e45e590cd5a799af5114784d1ea629ba6f1e8549dad3ec7cd414403461a2b388	19028
bin/demo/graphic/pc/p1/motion/p1_hrs0015_00_braids/d220_p2_anim_c21-c23.tranm	9ea61a86afef817a80370a7f2a7043cecacdde8fc45f8bfd9abf4e2e7bde3d71	ce532c10e61f1664d527e9c2b93ba9e38010a1e247f8d506598d21b632211c08	18291
bin/demo/graphic/pc/p1/motion/p1_hrs0015_00_braids/d230_p2_anim_c01-c04.tranm	e39fb74040151625bc18f27d2168678aaccc101961db89e62d752ac5be2cd744	82405d8f6adee16e7e6dd3cc4cc195eb43151018e3967efae4d2840e4dec2362	33418
bin/demo/graphic/pc/p1/motion/p1_hrs0015_00_braids/d230_p2_anim_c07-c09.tranm	8df08fb008ff1ab6ca11aa842289b2838c91cdd4b11680434ae2a92ec0df89fb	b1dafce33d98fdcc91c0ade6b172f6ea563519b529af061cc10e9d620de7e58c	15493
bin/demo/graphic/pc/p1/motion/p1_hrs0015_00_braids/d240_p2_c002.tranm	91c95d93cec0e10d0641d8274ffdfea02bd73c14784e01aa44c50ec87740b454	bdf9ad648d56ead3cdb1595845f4ffa791767457d47dbc0f515addf5c7d63e84	19537
bin/demo/graphic/pc/p1/motion/p1_hrs0015_00_braids/d240_p2_c004.tranm	1b5098cf5b89eda14575fcb6f383df0d428873753df9afe89bbd9eb2b387f109	76028693e63023d273e6beb875de31d8fdcf7ef7ee66cbb3c4fc829245847ada	12747
bin/demo/graphic/pc/p1/motion/p1_hrs0015_00_braids/d240_p2_c005.tranm	45b1cd8d89502e534cb75512eae2fefb901314f18723bd67447d351b199f5879	457f51d0cac0b113c2c31d5ceb55965edfb2df43b779d4f467e7941343760c0f	22421
bin/demo/graphic/pc/p1/motion/p1_hrs0015_00_braids/d240_p2_c007.tranm	b42c7c50b99b89858385577e513874caf44755ad613c3b8405f38f389602918c	e5d0570be49eb4f3b4c2052525a950fb6780af9e0fa19dcbf876f363e2b46344	9267
bin/demo/graphic/pc/p2/motion/p2_base0000_00_sample/d020_p2_c001.tranm	0ab85b00078dcc437bf411c61b60d812048ef15f7c3afe45ce5401172e1ab043	0868e32894d551d91f7fb232c6b9499137d6270b3dbc39c7eba41ea00efcd0b5	266336
bin/demo/graphic/pc/p2/motion/p2_base0000_00_sample/d020_p2_c002.tranm	239541c1fac0db5ef66aa10f330476831542d1d76772563438cbd652be7b058d	c5cf043c52e29544ab62b35d42d136894732cf9bd34b77b378c04c350f12a632	136594
bin/demo/graphic/pc/p2/motion/p2_base0000_00_sample/d020_p2_c003.tranm	49027d0513964e17eb94270af1d3f451612c7b4c7283a40ebedead58ea634c89	f81e011ab3cd9127b5e1c3f43c8cb02ac709253a1b525aef2ab8b4d8f881280e	253622
bin/demo/graphic/pc/p2/motion/p2_base0000_00_sample/d020_p2_c005.tranm	e407770611bd74300ed750bb5e1a34338e8245bfb83b06ee9c4b6bc87825f2b7	369cb5c5f1939c5aa61c42a185386f587784524c1d434755f4bf038eb4e4b9a1	241150
bin/demo/graphic/pc/p2/motion/p2_base0000_00_sample/d020_p2_c007.tranm	4d69d58e8be4dc9bd3d420c1f6c6a395d87bb2ed1791868dda2f364f3e3b8210	a98129dc7ff08be2001f1178b06d957998e14f1dab5bbe00c24e3a3c813fbd3b	57010
bin/demo/graphic/pc/p2/motion/p2_base0000_00_sample/d020_p2_c008.tranm	9f3f76e6364f06be43f1c15587dc0155a7f6812e23584c99a3481fe4c2a5ea0f	78964d146bb97655b5b9fbe29c515277e88a4d5801725a52be8e1d2e977b663e	21710
bin/demo/graphic/pc/p2/motion/p2_base0000_00_sample/d020_p2_c009.tranm	4053fe83cee41e1ade5d3da617fd6a028ae8b504496fae588959d08e997a7abb	1eaf2146b38bfa38431b788b9ff78886f5b24691746c4cf90d168e9aeead6660	101306
bin/demo/graphic/pc/p2/motion/p2_base0000_00_sample/d020_p2_c011.tranm	7894a0b870c198b7f9a01ece376137c518a86f018855c7d2e84277d2db7cbd02	4db749e2d6032872de4be342853363a3c5a153f0e537f0b82f37230db3d60685	58670
bin/demo/graphic/pc/p2/motion/p2_base0000_00_sample/d020_p2_c012.tranm	9f2d08f94a3f45425cdab5403facdf0ebf0ea9c3097a3f7f1f16e220778032ce	892cb8d089758ac11e4378ce3053f40f885b4d0b216e849ace2c9858f0690a64	95182
bin/demo/graphic/pc/p2/motion/p2_base0000_00_sample/d120_p2_anim.tranm	cb3cc07267fe573ad686c25d79b00d13cd7e36cf8e955f5913e9368593274222	0634d5199b3a72ed21f7c7076bd2a4d5df11eb08ce961f85845b6f33b9a084a7	276558
bin/demo/graphic/pc/p2/motion/p2_base0000_00_sample/d130_p2_anim01.tranm	49e3ef8d0c03daf62c63c24b57a964ba1b1484b4803c2643285877c915c2c003	71ecb54ca5e00a62ba905debf6be70e6fa53b04ce7e067821eac10783ac6a46f	193848
bin/demo/graphic/pc/p2/motion/p2_base0000_00_sample/d130_p2_anim02.tranm	c83b16e33b4440c35dfc1d38d5b8f0523442a3e4fd505e05e864c1a6319a024e	6583471d3ea277c9993e61037bce9b4a9c77d1195b1c0eaf1139933149723800	54112
bin/demo/graphic/pc/p2/motion/p2_base0000_00_sample/d140_p2_anim_01.tranm	08feede82234aa0682d7ae9bdf30f97521cdc05d283a3d8fe478b68e3d0928c5	749f935986eb11164c4e8d385bfea9273c9ccd53457f171bfcaed0f2c57b174f	19856
bin/demo/graphic/pc/p2/motion/p2_base0000_00_sample/d140_p2_anim_02.tranm	ce6e577424324d9ff500f28263eef31ea406e5b8fb4ceb3f490450c1d026550b	4386f184e79e2a371653cedc3802c7e3289ba66cfc2ed35d659fcad9d8a4d2a4	44804
bin/demo/graphic/pc/p2/motion/p2_base0000_00_sample/d140_p2_anim_03.tranm	092a72d871b1e138323cf4f5f2832bc9b91675c9ca140a004567e07e46e0be7b	e3aee4a2213b5de41c02dcd93788e285d68b163c11d67677992992f4a88f3fc2	108314
bin/demo/graphic/pc/p2/motion/p2_base0000_00_sample/d141_p2_c001_anim.tranm	37ff8a036b147f9f1b89f3ad780ee04bbe12347a9293bbda1575ecd08d5729dc	edd9f6e53bfe8678c2b0c8151ed58ca794bcd212c1520d3739eab44422624bd1	84478
bin/demo/graphic/pc/p2/motion/p2_base0000_00_sample/d141_p2_c002_anim.tranm	1351a67152c013c8e5c2e9d199b04ee79f376ca4fb00f9290b89212f81db9349	a5bb1cf5a332f295a0fcad41fedae778e4b1d525f9d73c013ae4467e8b7caa5e	58834
bin/demo/graphic/pc/p2/motion/p2_base0000_00_sample/d141_p2_c004_anim.tranm	d564ec3eade75ae9b07b8cf88c0c491d99b8944a5f343f41f89747858737c98a	4e57ca3dcd5c75b890dced6a10840470f25eef06e28bc995cecb32ef273301d5	45494
bin/demo/graphic/pc/p2/motion/p2_base0000_00_sample/d150_p2_anim01.tranm	c5a2b08b4938dbbbd2184eb7dd29f4739ecf7d4ecd334d12f180af2349597b96	b70c73a08cadf7102931f9b0f58d4bd75832738fcc00a925f0365e12966d9271	28888
bin/demo/graphic/pc/p2/motion/p2_base0000_00_sample/d150_p2_anim02.tranm	6e211d199b3c6c2d5373245b8448105dd3a32e1ca74e19ce038ef712ba075687	9bce8b42f8f12543e3db681288bb1aa877b32945d1e512f3cf63bb9492a46f43	62316
bin/demo/graphic/pc/p2/motion/p2_base0000_00_sample/d150_p2_anim03.tranm	fa3f8b541d0d03de1c6434ab7c7e9cd36d0f8000a74d917165d7dbed72c9b3e0	fba6a24cdcac13160e213810e1247fd65daf08c94935e80be2ffc35f154e304e	13242
bin/demo/graphic/pc/p2/motion/p2_base0000_00_sample/d150_p2_anim04.tranm	a24f08fc951e93090067b45632876ab0fb7d64b5432de45913cf357c4b5c8a68	0e4e5183b0c1c4ba9734e84c61904dbe9b56326f3658f171bec9c63472d4d9b5	27948
bin/demo/graphic/pc/p2/motion/p2_base0000_00_sample/d160_p2_c001.tranm	b50d3fc8366d63ef5d07613e79adaa76c4e5928a40a9799f8256ef6000a5b8db	9806d6b42870a1d54442972febd5b9f49c776c142ed84320bd712e13f9a2bc58	31043
bin/demo/graphic/pc/p2/motion/p2_base0000_00_sample/d160_p2_c002.tranm	34d2f76af9e945a382923b804dfbd62a93c7b1d64e4d117b849f8f3ffe9f6933	f1e5591f2e5c0202955f508c59154982b6c9a63cc348e025a1d3390cbb054ea8	27894
bin/demo/graphic/pc/p2/motion/p2_base0000_00_sample/d160_p2_c003.tranm	7c8522dce9c7712f625082e145c5039e0eb9b66f758ba65e3ebe88d77ef2c33b	4abc231462bf01f841b2e608aff1e73cf812b4df4750e2a94e26c6d3d86b8e42	35550
bin/demo/graphic/pc/p2/motion/p2_base0000_00_sample/d160_p2_c004.tranm	32b8a5e0e553cd34a8b0d3b8cec2c4dc0aefd3215965d50d674508209664b2d6	e254ed9c6902246402429de937be2055abd270a416257877437fc4891c303496	243635
bin/demo/graphic/pc/p2/motion/p2_base0000_00_sample/d160_p2_c005.tranm	d8525c469c04544b37b779826971a455db2904d7a7de6da6b5fb7703e87210eb	f0cdef1dab672938a63eecc29fbd7d49e2ddbb3ee160a629e54e1215bcfce843	116587
bin/demo/graphic/pc/p2/motion/p2_base0000_00_sample/d160_p2_c006.tranm	90bb3e1f0cd31deac0c2b885ba2b4af596c0da82c5a631e531fc7f6d9c9ad6ff	5c8b6a3905290d2d7b7906ccfb36f43a33d2a2ad5e013a297c1d9aa4bef571f6	61139
bin/demo/graphic/pc/p2/motion/p2_base0000_00_sample/d160_p2_c007.tranm	83f184f14f96b8ff9c1db0044a996253f54301baae2787911f4e9d5f7c8afacf	6c07a22c1e994f6830087d56c400bedf882227414c255dd65d3b8e5c21572795	56806
bin/demo/graphic/pc/p2/motion/p2_base0000_00_sample/d160_p2_c008.tranm	424284284b381627b4b9443a2bb1e007252a660ac23bb0ad84c5411fec04725d	212ea3743bc34b5981cacfba95b32d6338638d99e2cb81433cc810127802f0d5	202315
bin/demo/graphic/pc/p2/motion/p2_base0000_00_sample/d170_p2_c001.tranm	45a68cdea0fb61b0202d6ab4a28c2fa0e90e65b710d4578caa99f2fc925bc1f1	113bd2fe5ad65ae89527dda582b523220e118f1206cc80569a8ff21556d69430	30323
bin/demo/graphic/pc/p2/motion/p2_base0000_00_sample/d170_p2_c002.tranm	373cf8fee10b1dcff9abdbd876ed299cd52c8a15ae415a92f5bf155f460c8761	c80223a3d6c72c299ec97887f985176473fdd77d2ca29364e9190ecdc2b5445e	91918
bin/demo/graphic/pc/p2/motion/p2_base0000_00_sample/d170_p2_c003.tranm	038a117040f6905f33eec2a09d93bdf5ec4cba8d6f0d04267f3466031d174609	254ea5135979836a8176f46593f6e31edd4e31bf30086b249412f476d719c5c3	103541
bin/demo/graphic/pc/p2/motion/p2_base0000_00_sample/d170_p2_c004.tranm	06968bd294da507db58970515b979324e0ac8cfd1011d75a7da342fcf6a7aa2a	72452bd873d35709180d8a9f51458b4c8a51903df2eedc21ab1cf19aefd9f83f	33650
bin/demo/graphic/pc/p2/motion/p2_base0000_00_sample/d173-175_p2_c004.tranm	45da31fe0ff4588c3d9600774f601e83f3a450c9f712830c76b66f51e8aca638	72452bd873d35709180d8a9f51458b4c8a51903df2eedc21ab1cf19aefd9f83f	33650
bin/demo/graphic/pc/p2/motion/p2_base0000_00_sample/d176_p2_c001.tranm	353bbd7be51783c36c688cb693f5cf23f5a29ce2bc08b66fc50007fa5c922584	d63b0a0c1ff5c1d30696d7b14ed3ad8c6a5e9c656798874142664fc7dde136c2	28986
bin/demo/graphic/pc/p2/motion/p2_base0000_00_sample/d176_p2_c002.tranm	0aee05ffd895b4a36edc42cc6c2d522c7eb1ccb84c8ee4327bc3b89b1736e87e	69d5a41983e6453b3e595132f84852611bfeb8293c55fec9ac138ffb372efaed	96126
bin/demo/graphic/pc/p2/motion/p2_base0000_00_sample/d176_p2_c003.tranm	8677683e0ea72538e163c6e0fd8c3cd3489541ca38687781e5e3dbdd9af5652a	f3953324f934d82e3711639568ca5f717815858a448d4c0d02b2a5a9524123ee	94562
bin/demo/graphic/pc/p2/motion/p2_base0000_00_sample/d176_p2_c004.tranm	3570f4451332ba0d67188c7db9c7b729c649642e2c2d792c542f3a900b9b33c1	99b8782319de06eb8b6320530e121e1af81753ad16cee0b3620e969b57c883d4	36242
bin/demo/graphic/pc/p2/motion/p2_base0000_00_sample/d200_p2_anim_c004.tranm	3a73cf115c937200f0d0f4407ed2989d40d3e2bc371f67f51165fa2817a4bd80	627e3c2faa76d7965c96eb6b03171fc7575c2cbd2827bce1899c3cc8c65f8dba	218428
bin/demo/graphic/pc/p2/motion/p2_base0000_00_sample/d200_p2_anim_c005.tranm	601cfa51f0e0a7d354e0fb824109b9df824b881029afcbe7d05c3eaaf0376637	f0b3e446e81f404114b9c3d9df53896d8aeba1ab2b6cf5e4a6e58976f16483b4	195416
bin/demo/graphic/pc/p2/motion/p2_base0000_00_sample/d200_p2_anim_c006.tranm	0132cc57b48fc44d499c3c29c3bb64a23489f8b6ff550efb7dbf7dba4fdf6d99	e62a4c4377a44d814efdca4e9bd043b72484641b4510d8c90bf0bf69eb235881	21824
bin/demo/graphic/pc/p2/motion/p2_base0000_00_sample/d200_p2_anim_c007.tranm	cb663550185479ab35575979123515d7d33fd8810066d4228737bc12265a2e66	17f6b95aa6b8beac68064eb4e494c31ce75e0a5d961f832d70990b7ab30bf8be	218662
bin/demo/graphic/pc/p2/motion/p2_base0000_00_sample/d200_p2_anim_c008.tranm	2719a6ce3916f65b8e7e457b15e9bfcc540bee41594f7de611e1828482374898	9ad745260b45475256969902d4fcac23d49f0ada8047e9ff2bdcb183c92956da	113884
bin/demo/graphic/pc/p2/motion/p2_base0000_00_sample/d200_p2_anim_c010.tranm	4c2dc13456ea7bfa72b4b88cc432e586f102f63c9750a5fcce02d767b464306a	baab7eed67188256b09953a415f0a35d834fe3a6a01d695c389fdccde4fd99e6	88478
bin/demo/graphic/pc/p2/motion/p2_base0000_00_sample/d210_p2_anim_01.tranm	88b2f16bfc75b277aafa546e69445b0f50234fc31fee61f6f8c58f07ce12e7b0	7845568dcb8dc0a4c06271626d2f593b4d64cd8f935c4434c51bf7245d2f435c	222896
bin/demo/graphic/pc/p2/motion/p2_base0000_00_sample/d210_p2_anim_02.tranm	47647b2670cac9ebc650d22033838e2bce598257144ac8cb461fdc809ff77e5b	b49809555cc4a58cc3c93fd8811c09890dffdd150ca4a4668299615cdd5801ae	54956
bin/demo/graphic/pc/p2/motion/p2_base0000_00_sample/d210_p2_anim_03.tranm	ecae013b1c9bd9049ed5d497b24e4fbe568b52c5130a483cbb881b6780404941	7383c57afa86ea4924524f43b28d9be3cf9a277f99d98663b2e54d78bb98f4b8	190110
bin/demo/graphic/pc/p2/motion/p2_base0000_00_sample/d220_p2_anim_c01-c03.tranm	4cea0bd9dfdf51291411e358a8980751310ab1bdf8597c494a9c31d774505876	51aea193d96b182c67664a959dbf091506f5575abfd5237b74f0feccd45f5c83	125884
bin/demo/graphic/pc/p2/motion/p2_base0000_00_sample/d220_p2_anim_c04-c09.tranm	ecde989f7aba773e548d45aac8de79a030cd30ebff63e6b400309a9842eac077	7894b0a045f2571a9cc2659e1526b04299515e0052f04a670f9a695fce0d364c	148474
bin/demo/graphic/pc/p2/motion/p2_base0000_00_sample/d220_p2_anim_c10-c12.tranm	508909a5508ac3c8f52c2de619df18545e46a7872a8e772a336ef27375616e4f	c35a7de8bd33846ac058e7506a0f02a57fef65b38b79f89e4cc29694d7e78eae	59916
bin/demo/graphic/pc/p2/motion/p2_base0000_00_sample/d220_p2_anim_c13-c18.tranm	e95b6c8d7f666e45bfc1323b87d7a76c413956c8c7cbf2420d2a9f34fd1eae3e	87b58949d78fbc58e0822e1c6876f2803dcf512aa1b3924234902d227c274e02	129728
bin/demo/graphic/pc/p2/motion/p2_base0000_00_sample/d220_p2_anim_c19-c20.tranm	83ef3d342337b46fc3946a60c0d1fa2a6690ad22926691d5d6da7f9f0f979331	83f60c96a3dcd45edb4c77632acddcba7e0f509dbb4a6d567c03bcf18bb28efe	89344
bin/demo/graphic/pc/p2/motion/p2_base0000_00_sample/d220_p2_anim_c21-c23.tranm	78137a3ce9992c5cb3b2bed71e91cf453da723c3fe0c2c7ad55221037f99e092	a33db1a8087a0c50c391838ca82f7876400e623025b7d5012b724555ea730b79	137942
bin/demo/graphic/pc/p2/motion/p2_base0000_00_sample/d230_p2_anim_c01-c04.tranm	ed6f0272985395d7e1518a0e1de6fc8e011d45129693c5f3d33af55f9f8e729a	820d07f4a7a5fcff149c1262283a7a60a968d9a90102d2c4368e3c07b83daa53	296478
bin/demo/graphic/pc/p2/motion/p2_base0000_00_sample/d230_p2_anim_c07-c09.tranm	9b0ae8d2983e8d8b28d750a4c65e144d24e89dc56cf158941cf118006c27990c	ed2a098f49335c4ce27a1e5e02d945a99b4cabc5a5ee0749685481b1e0e0bbcd	107473
bin/demo/graphic/pc/p2/motion/p2_base0000_00_sample/d240_p2_c002.tranm	19e3debd613c85e50c5ded965a534520fd7a22de01f4708588958d03d26c13ad	5dba90720e1fa9b951c1297565c3234c2de4871cdac26f913be722b40579a100	45490
bin/demo/graphic/pc/p2/motion/p2_base0000_00_sample/d240_p2_c004.tranm	92596893f58aad452bd52183b495be78d74884d1de871a7e41c0ff1d74b069c8	f6157765ec9924fc9c463b166dd59f49a48660802b2af381dfaa6e50154b689a	34674
bin/demo/graphic/pc/p2/motion/p2_base0000_00_sample/d240_p2_c005.tranm	ef2c8f6dc9aa953ffb5f691e8c0b5d0dbb903ef61931258fabb89d24360bb988	041910b4306a26e5db0c45b760e1eb7bd434fe463c08f26845fb6ee33b8434cb	63610
bin/demo/graphic/pc/p2/motion/p2_base0000_00_sample/d240_p2_c007.tranm	ce00781a28ebf44ebeb22e2a12e4cda092f8945fc66183fbb23b668928d49c6a	1ea050bae84968be3fec0a03bd8f936d23ff38f852d0060c1dd999f1f782e3ba	37086
bin/demo/graphic/pc/p2/motion/p2_drs0001_00_default/d020_p2_c001.tranm	ab74eddbe193116097d54cd7a6231db7bb931e4740aaff8861cf1fcb84d4ccc7	5415947bb531883f09b06f0c46bd46bb09d871a15fa92a7becfa5bb127af57d6	51621
bin/demo/graphic/pc/p2/motion/p2_drs0001_00_default/d020_p2_c002.tranm	7f8ad977d5e55c11e2368315ed0ccfc5a831aee5a3e02f243592675a304db9fd	fcc49114277feb1af516964e2e2b19d98307141f5f9d7676a61b4f471aec82b2	37147
bin/demo/graphic/pc/p2/motion/p2_drs0001_00_default/d020_p2_c003.tranm	d26d47ac6744e6b8ef22daeb80887c02cbdcd83d6c457af29147fca89cd8255e	25d03360f9d7d4e8bdba32a02dab51e78fa7e298e02c361d62a0691149619262	34831
bin/demo/graphic/pc/p2/motion/p2_drs0001_00_default/d020_p2_c005.tranm	0c5919f7860f52d354c8c1ea309e443f617e3a6e3806af75a5f3f043fee5b93f	123868066539c8686d22feb28f875a3fc30c2a5020b7438580b9a6071c846b13	45914
bin/demo/graphic/pc/p2/motion/p2_drs0001_00_default/d020_p2_c007.tranm	97c1c8dc4f0890c2091a2b85a01455d13d03330f08adbb6bf96c908f451bd505	c83340756b5dccc22badc81f42d4bf0653216e1695695327892ede7be89f10de	9265
bin/demo/graphic/pc/p2/motion/p2_drs0001_00_default/d020_p2_c008.tranm	fa4c73595020872c619cb8131f9b2c984fd60c8454d6e1feabf0d22299e71cbd	af43c7145f0e2354693b4d945e2fc7ce6da04236653632a40dd6d0bcc42a1c0c	6317
bin/demo/graphic/pc/p2/motion/p2_drs0001_00_default/d020_p2_c009.tranm	7d74187b8568e0a65854e207300a14d87fc430bda49f037ed0bd531f72281f48	21af480cbfb290bffc3800e12aa1960557adf502fda77cc1b74adf274653fc5c	16971
bin/demo/graphic/pc/p2/motion/p2_drs0001_00_default/d020_p2_c011.tranm	e846a8d1134788659fb70ed44d4e16fc034a1b06d9cc0d5a34135bb53bac5fda	31c687098bca5f4db1f889b32ab5bcfe0cbf44c0677cd3fe95c7c3397f175920	7989
bin/demo/graphic/pc/p2/motion/p2_drs0001_00_default/d020_p2_c012.tranm	6a2d640dafd1f4bc5a07f088b3634733677ea5bba3f3f27cdb8121042d39e034	85fb9a0b94dda86f9aa0c1d0c55d7faec6a0fa6e6a8ece4ef462552dbe4d0a37	22275
bin/demo/graphic/pc/p2/motion/p2_drs0001_00_default/d120_p2_anim.tranm	2e51cdfe2214bb4ba061716243bfd9a0b6172f2f373ce95ad2b74b2b69f8f115	41592f5abd03923414889d9fdb97bccc4c1b0b5542d5ab2e828f7474764007d0	222731
bin/demo/graphic/pc/p2/motion/p2_drs0001_00_default/d130_p2_anim01.tranm	ad940753bc80cae34008587fc51652bb72f956567e1925a134d1bd4334b770cb	6b0e507ea1fbe540bbe0eb618fdbc6f4e9f5a6c15e6cf7d548f999662056fd31	210578
bin/demo/graphic/pc/p2/motion/p2_drs0001_00_default/d130_p2_anim02.tranm	2c4fd1552fa8218bf3bb278ce105c437eec36994fb451c61da195bfdea9ef1f2	89072868274bb7b1010186dea96744cf7c05337a48c0d87d1aee4d10e18b8c9f	23676
bin/demo/graphic/pc/p2/motion/p2_drs0001_00_default/d140_p2_anim_01.tranm	b5b54bc86f1c184647a6b8f9822c0f377dfa605240ee6ce62ef01784169098ec	616cbc0483f08066ea27233e3047b2f1d352ae137e5ca14ff60b399e6aebccb6	13692
bin/demo/graphic/pc/p2/motion/p2_drs0001_00_default/d140_p2_anim_02.tranm	f1c1ba1d8e9a9884093fca8e9fc237a60d659ffcdf214ef91f9ea653cd85813f	776f3d231d4a94e02298bf8377f31389ef782765cd1bfa4548658a856e5d3707	13196
bin/demo/graphic/pc/p2/motion/p2_drs0001_00_default/d140_p2_anim_03.tranm	f9cbdbaffd14b629bdbd305e22c557f63987029fa2419dabec8a99b8b864f1c8	f930b3804b31f5697910dca4719858818abd9ad8e477c0f3c7080ce4c3ac26e5	142052
bin/demo/graphic/pc/p2/motion/p2_drs0001_00_default/d141_p2_c001_anim.tranm	a22c620b52d7ccd5b81dc5c10f0ce39311bed9320e935981ec8c7dabd3aa9613	fc3617ef8a9c6f42ef2ebee936fc043df711672c44ff83cec839bd6031a01eaa	103190
bin/demo/graphic/pc/p2/motion/p2_drs0001_00_default/d141_p2_c002_anim.tranm	24bcaeb31a0d28fbd3d64092c919ea6279e4f42394fcea4589de7697ca672059	e7e17867113ecf28621eac79f282301b630086a83dff65b7a7c0db2191f25931	107970
bin/demo/graphic/pc/p2/motion/p2_drs0001_00_default/d141_p2_c004_anim.tranm	40409922f023faa838e03833ad95c85bc07064380aa0442163f3a68e7a51a00e	28bc80b9060b195d0ad8111b7f483ec162fd11272bdf12f0ef19868c20326d94	29816
bin/demo/graphic/pc/p2/motion/p2_drs0001_00_default/d150_p2_anim01.tranm	548e86e1278abaa8067a69cd56dd436439a7e7123e5e4142ec3cedb75ed1ccc7	aeb0e28ead924cddbf2b8e33b20020e231253a18da4f09b7ab69c053247f3406	30188
bin/demo/graphic/pc/p2/motion/p2_drs0001_00_default/d150_p2_anim02.tranm	68d8f3f3770c4f1f309eb8c8f1cdf8cd84fb982911441d3d8d37b6f5def20698	40cc1cc9be3563a4a62ec112b7a8fe2fd0fa9f3f50a9aafc3ebf39733ddc78ca	30748
bin/demo/graphic/pc/p2/motion/p2_drs0001_00_default/d150_p2_anim03.tranm	1a3a212c4834ffe014fd34111cc04380187c62cd3f997b44a9edb71b4cbd6269	f5dcdee88afb44102384712c3a108ce76c0708c24af398e267cf3a9246562e8e	3148
bin/demo/graphic/pc/p2/motion/p2_drs0001_00_default/d150_p2_anim04.tranm	db87ef62821620780951433c3a3ddda0cdb741db9741cd1633a8dd4ab2a65677	6ade8c465e6c43b3b590a4239cefae0df3d43d27e5c2f5e9cbe83d9fc97247c1	25012
bin/demo/graphic/pc/p2/motion/p2_drs0001_00_default/d160_p2_c001.tranm	18a671b100e05be51a8536bc416aa1bd18b6c1fa0e97213dd34461c1eecd8ea3	5b1c7ed9bcc0aea7904de999cb1e38f3a82d432bc9a216b4893b52c46c4891af	107336
bin/demo/graphic/pc/p2/motion/p2_drs0001_00_default/d160_p2_c002.tranm	01915d6d646b7aa58072f3e75b9022365a3b66a929f7bc5d87bea64680751a48	ab26e32a620f32c9571f4de22385c410685e359329a3aa1d091151d960d3fd15	42332
bin/demo/graphic/pc/p2/motion/p2_drs0001_00_default/d160_p2_c003.tranm	a2f6ecb67012aabd226e3fcfc63b4e99d37845fc00f4de8bb64510166086a766	161b21265f41a6d59d07c7bf4e6caee234352b925985a75d47dc7b2b56f8a75c	13713
bin/demo/graphic/pc/p2/motion/p2_drs0001_00_default/d160_p2_c004.tranm	d5c2f3a34eb9553a8b6f8ccd53b913ef909d9ee802ae8a15415339b3dfbc4ea1	edf38766717d9c9b339d1f83cdda0e7f2a80ce7eeb94a689795dada755158bdd	188312
bin/demo/graphic/pc/p2/motion/p2_drs0001_00_default/d160_p2_c005.tranm	119ec66c8846f90e8fd3b6a71fbaf806fe056608bdcfa2366a6ddc35de6ac299	388a51eb3715b83bf0c390315337eac90e78e7861176eb6525e7f2e2901c480f	164836
bin/demo/graphic/pc/p2/motion/p2_drs0001_00_default/d160_p2_c006.tranm	008d82f812ccb7766f0e47c953c42604e5feafa2cfce2a46bc2533bcdd3fd983	14a37ddc95a33fed88622880a088b07d3c991152104594e2585b2fdaa6db99d7	109892
bin/demo/graphic/pc/p2/motion/p2_drs0001_00_default/d160_p2_c007.tranm	55663de69d31ad5f9e85f437b98bb9e226bf586881498881020f162265bd1e09	dd0e0c545837b5e4add24fba2b371e5d4f84c217498941aca4d0caaf80adfdad	182608
bin/demo/graphic/pc/p2/motion/p2_drs0001_00_default/d160_p2_c008.tranm	cf72eb780226ba0d5d951750e5501664dfc4b5cb54f1a3c433dba1f0c58a9253	763cb356e186c255b29273285438cb250ce4787240513b35040549fb73e9c017	296572
bin/demo/graphic/pc/p2/motion/p2_drs0001_00_default/d170_p2_c001.tranm	c4dd7190b1b9962f6b5bb8c5f93ba56219187e8b3f8183bfd47659c47755bcee	2caa8423ae55db26c3321543e76e455eaac889a45b94a57036f1585d85a1d878	31964
bin/demo/graphic/pc/p2/motion/p2_drs0001_00_default/d170_p2_c002.tranm	8a45c41ae336b27bd17b9c6235483c6ce7efc6b1cede76bac9d7339f21daad85	68d4bdfe231cd380fe797231e7b4c68f785b45ce0e82b2c0a9d1ec3496592b69	97300
bin/demo/graphic/pc/p2/motion/p2_drs0001_00_default/d170_p2_c003.tranm	614762e3d667381a5b4ee02bbfbe9da1edc54886f6c361ce24c0c4d444fd2522	85afaa0c51a636430ca3e7346569859b21b3be708a7e2ee986310c36ffc16f7e	157536
bin/demo/graphic/pc/p2/motion/p2_drs0001_00_default/d170_p2_c004.tranm	c82715a9e421ccf5d2fe7045c773c1ebdbd1d9efef0cc36bb689bfedc1fa91ad	8b21fcfbb9ea079df87065073ebeb9bd047feb204659772488915ad1b0c3c796	44448
bin/demo/graphic/pc/p2/motion/p2_drs0001_00_default/d173-175_p2_c004.tranm	fc2268f853c595bf1e3fe2457ab0ceab80ec41ad05c1d099e13c0636101e65d0	8b21fcfbb9ea079df87065073ebeb9bd047feb204659772488915ad1b0c3c796	44448
bin/demo/graphic/pc/p2/motion/p2_drs0001_00_default/d176_p2_c001.tranm	bfd365db27a3a485b14cd2dee9d2e70a985f2ac8632403edcb73dd4e32da925e	12cdb887a81c9a76bd4c3227f48eb5e786e3cf42d019ca075470727bafe77c9b	50896
bin/demo/graphic/pc/p2/motion/p2_drs0001_00_default/d176_p2_c002.tranm	f4c7f607cb6841d1f6e049c6d54349307a743ccf9030627e087ecc04b5a0b03b	ae3db2c6edeaf9f0b3a0dff47aa3dcde658c8363fd74758af6ff33a43dac233e	97360
bin/demo/graphic/pc/p2/motion/p2_drs0001_00_default/d176_p2_c003.tranm	198a8a3d27e170cbe559ac4f984ac08e1090c25a110529b3d534cfc3c254e639	87c68d4bcaaa3a957e4bc0f980400a2dbc27681031534f2ca0cbcaaed99e8028	157216
bin/demo/graphic/pc/p2/motion/p2_drs0001_00_default/d176_p2_c004.tranm	339a8e02e1b0568760cfaef57e3e540f10638e76bf4cea730fc5099a38f79a12	edbddc8d4738ed7ed00e636b13b25328b14395201018c6a8eeca1dbbac4f12f2	44368
bin/demo/graphic/pc/p2/motion/p2_drs0001_00_default/d200_p2_anim_c004.tranm	f2cdee58133410565f153b80ce75ad0d43dcb5da8a632cfe1d2eeedd96e30ca6	ce0b0e748d949deed5358641b9ff38aed8322b3993c770ae5021905321a58d98	225900
bin/demo/graphic/pc/p2/motion/p2_drs0001_00_default/d200_p2_anim_c005.tranm	20a50b2ff6ab703b1bfdc446e75fbee96afcffa23d5bc4e06c54e7643107f592	77c49c956146c47e2d6e1da637bc129fd6b680fcfa7e3b01025e4cc410e325c7	280944
bin/demo/graphic/pc/p2/motion/p2_drs0001_00_default/d200_p2_anim_c006.tranm	a1efbb99c26343f070fa96cbe47404dc51f2f79557f1d5c2e29d41f998fa8a87	f6ff2eef02410730df97c44d7b75e06939aca87e73fdc0aeb55d372fc2aa7fbc	5802
bin/demo/graphic/pc/p2/motion/p2_drs0001_00_default/d200_p2_anim_c007.tranm	5ac9b484a9aebb14ad9bda2b8f5667af46f58117cf991f99824c20ea8ca2cbae	0c4ba5638e52abf94b2f6f332c057aeb289f9725a939655e5468a83ec5f4cccf	301896
bin/demo/graphic/pc/p2/motion/p2_drs0001_00_default/d200_p2_anim_c008.tranm	09ded937311b1658e5efa77b2bf2575caa4158f7eb271265bc768251a508977f	d0ee67008825f57a8ad7b2cc122fd385e3f6f9721d0f7d4ad33890173e279898	179668
bin/demo/graphic/pc/p2/motion/p2_drs0001_00_default/d200_p2_anim_c010.tranm	318ffcacc77ab217a7a43207ecd9e4c2c2f72bae3bd8cfb03a860708f71f0a79	a7bd3319752132b1709a6584f8530e1f9b7d633835e08744709fdb3081164f2e	63164
bin/demo/graphic/pc/p2/motion/p2_drs0001_00_default/d210_p2_anim_01.tranm	9d5fffa1c13dc14c39da9e0c6f2dee30e4b901babb64674926ed4e02784d1403	73091ef077e46aea4d15dd81be0a3b6e1213803823dea5dd589231fd6a52c60a	104828
bin/demo/graphic/pc/p2/motion/p2_drs0001_00_default/d210_p2_anim_02.tranm	7817915f5dd50be4f4bdd31f64df391c21a63142150a69798d49bb9e52fd59e5	ddf474654d2b9591ad0019260a594703c6b1d6115bad7d3c562de6c5d012cadd	74836
bin/demo/graphic/pc/p2/motion/p2_drs0001_00_default/d210_p2_anim_03.tranm	813b2f61d7cbfac4324d5199ff61ad80a1064d216bbe6a272e077512381a14fb	16c0c7946d0d49550c62f170db5c76ee6a33ee7031ca24ee0190a6e2a24fddb5	135348
bin/demo/graphic/pc/p2/motion/p2_drs0001_00_default/d220_p2_anim_c01-c03.tranm	694215fae45819e4f8f10e2b1c6b02f978d9f5b55af454ed4207ab5d5696d6cf	89dd6c71d00872d65209ffdd5753a2205f77ba5d9e977daf86f81315919e2299	48504
bin/demo/graphic/pc/p2/motion/p2_drs0001_00_default/d220_p2_anim_c04-c09.tranm	254eb07c188ee63c488a9681e85673ca2fa2adf488cb15eff706e8a392e6fbbb	38838a41a8cc7ac8476af73834475c443f7918086a199b551bb323e552851f5f	126066
bin/demo/graphic/pc/p2/motion/p2_drs0001_00_default/d220_p2_anim_c10-c12.tranm	bbda9c7f2c87d1e0c398105904bd10a882f93a7f0f9944960e4d421064b9ad36	982e9c3f383aa8a23faaf06ad81a85bb1bbc1902541bde718003a025031f2390	39484
bin/demo/graphic/pc/p2/motion/p2_drs0001_00_default/d220_p2_anim_c13-c18.tranm	f55a146031b292e505a7f3ed85da8ed09b290f69a51a3f21df1f6999b3e5eeac	dd56f83f430057a729ef8c217d1d0a4035d302d154d61e1b587ca7c9307ae532	63950
bin/demo/graphic/pc/p2/motion/p2_drs0001_00_default/d220_p2_anim_c19-c20.tranm	6a05eabb266b273f4c908596b49169b491581f25881f717f1e04fc6c7a8af971	cb99cdd73c05ac14c7b3782d2e552b2b1f1576d2ed62f4ac7a0a880f2ec355bb	61632
bin/demo/graphic/pc/p2/motion/p2_drs0001_00_default/d220_p2_anim_c21-c23.tranm	e0c04df91154915ef837987c102a80d7eb512789af82af9acc41c9f8f90855aa	afbd56c4846a4e04a3ae9ed8615e19af9535e8317c43a01658e2eab62247a2c7	155863
bin/demo/graphic/pc/p2/motion/p2_drs0001_00_default/d230_p2_anim_c01-c04.tranm	3d4c030e7ae6cb86219e481230730945ee6dd7c9f9f512f38a0695c4b50eebf1	d4ff4f5a12d8ce582ff27f694e77bbb7b6d839fcd8d2ff7b415439dfcd8d992f	187800
bin/demo/graphic/pc/p2/motion/p2_drs0001_00_default/d230_p2_anim_c07-c09.tranm	3020f08dac528cabfd840ac64e6b11725129cec42f59de4cd213b11727e75f50	ff809e7828f7d945ec857fe3599a5c7536f47a873beddf6cc0a688138bd87903	48352
bin/demo/graphic/pc/p2/motion/p2_drs0001_00_default/d240_p2_c002.tranm	1eb3f0be2f681ad4b2f91bbfb9df943930137c1a5f8d66ef54757d29882b0765	5dd5fd24b075e740e026e6fc6cf2249ca1685239c79df063e15d1f264c2f4966	120140
bin/demo/graphic/pc/p2/motion/p2_drs0001_00_default/d240_p2_c004.tranm	49d6d3a88b731addc146a705faefe345ec560ef8d6a01da48346ed6481e1471e	7c323fab0d2a90901786e5c9c6335b0347716948ce2bb0e30fafd69a49292aa0	62100
bin/demo/graphic/pc/p2/motion/p2_drs0001_00_default/d240_p2_c005.tranm	e5d4273036fe36ea4ae60751ca74a7caca23e189421516aa3fc18cd3518dc7ad	9d8b4494633211e290e7d9434f7d6b75f7084d9ba99f5fc674983c13b5d66512	206292
bin/demo/graphic/pc/p2/motion/p2_drs0001_00_default/d240_p2_c007.tranm	cac859fc781c04369fc423151294d630298d79d434d1c79ab9c1e872d76d70f2	af7d011436cbfb0c1be24fe7e2432add98b60cba388f7dd77a1bf52a0d6ca35c	46116
bin/demo/graphic/pc/p2/motion/p2_drs0004_00_kon/d020_p2_c001.tranm	ecf6e0db32e6caba669bc179aaef5bb1e2b56c842469ca0df7138fedab465971	10c1c1f4dcd533564c933a51d8c3daac5335949047fd778f795f8626dc3bcb02	14489
bin/demo/graphic/pc/p2/motion/p2_drs0004_00_kon/d020_p2_c002.tranm	939f5a3b603211d9f9a978a48f7460ba1335a4a68c470e30d00bb89d9b25c8b7	bc798e6847753be32120d963c31f5f046ae4e9976406cc5f90cbf53b8011d030	11219
bin/demo/graphic/pc/p2/motion/p2_drs0004_00_kon/d020_p2_c003.tranm	6865497b4016a79fe3f9a1a4a0fe36602f7c2143f407f49524beb5835f14e8d1	302b338e3486049f965beed9a8cf23b8a75239e267936bd98eacb7ba84795b9e	11207
bin/demo/graphic/pc/p2/motion/p2_drs0004_00_kon/d020_p2_c005.tranm	53b74da186f798dcc86ea1ade3ff0a5d278716d604b530c3c257684a4774ecca	6710f5c212066ea3db4d134f34de2308ff3a16cadbe5e6234571ae5c4cf4a84a	13657
bin/demo/graphic/pc/p2/motion/p2_drs0004_00_kon/d020_p2_c007.tranm	ba6e48a52673f10e3087d5d50545848c8d2692b54b3e610ea4322d27aae821b2	602ea079f97a84ab7733fada23705f44089f96b10bd2a96214ccc3385bf48d99	3297
bin/demo/graphic/pc/p2/motion/p2_drs0004_00_kon/d020_p2_c008.tranm	c7e17b2525a1a7f0d9d93230a83f20dfe73bec0e77e23a249f1b00f6bc4ad11d	2495b0d49ff99852465456b48dde44d41543f41caa63bda80e31ff110846b325	3847
bin/demo/graphic/pc/p2/motion/p2_drs0004_00_kon/d020_p2_c009.tranm	d200143a9c0743014cc925ba4a002673a6c39c3ad8e283206a9907e8f02afe43	69c2ac0ff0e6eea7c9dfa362224fee8a9e03d8137f200e6e7bcc015d9dda8eae	6775
bin/demo/graphic/pc/p2/motion/p2_drs0004_00_kon/d020_p2_c011.tranm	acd459754659da86cdafa0e2cc5dd9f3d1f71c27fa82d78920efff710ad28f9d	8024c502e0bb241a2b4b1b2d4aa2b300b25602d9866ffb84273775e430903259	3237
bin/demo/graphic/pc/p2/motion/p2_drs0004_00_kon/d020_p2_c012.tranm	f3b35097f40b404c7d694e3ff2a127be3e98d08367202f7fb9adb0425888c9cb	0cea30ef0ad9776b047b5f7979cca6db94c7bf5b3022b5cd8e771c4988ea6161	11012
bin/demo/graphic/pc/p2/motion/p2_drs0004_00_kon/d120_p2_anim.tranm	98158891439ebbef658a831010ea778826f8bb55f7d46f04ce579ebeef9c47bf	9c93d23be7a9347bb43e8e371b74811040715b3141cb7c028db05f28b1ee30fb	32480
bin/demo/graphic/pc/p2/motion/p2_drs0004_00_kon/d130_p2_anim01.tranm	cb69df82559f71f7f0b31ed54ac57339252dc118212254ae7d425493ddd94098	af3b91bd660e94474652125aee48d888bcdd45d4b88312878c9a715f4d5e0863	32038
bin/demo/graphic/pc/p2/motion/p2_drs0004_00_kon/d130_p2_anim02.tranm	50ac96db8e43a3d08a78d257673570b397ef1deba380931c89daaee571ca1ac7	774398ec9ec6679ffe338f115641e34254b3906ea7333590c0cff9c831cc1c7b	6456
bin/demo/graphic/pc/p2/motion/p2_drs0004_00_kon/d140_p2_anim_01.tranm	8de58822c6d0f88b3955399eeaaa01f7463333e3b16ef548146e2ad83b14f945	032f06966b5a47d1a1bfd6ade68c68c23895aa07a0a11b5cb5b26c6aa27b49b6	3504
bin/demo/graphic/pc/p2/motion/p2_drs0004_00_kon/d140_p2_anim_02.tranm	acfc02f7f3723fdc3849fe3bbe65440ed0ac157882712a71aa21c1e026bc056d	dd2bd2d16195ee8e0e02442c369e696c62a22b590cfbaa2de83a7a2c1572aa2c	7792
bin/demo/graphic/pc/p2/motion/p2_drs0004_00_kon/d140_p2_anim_03.tranm	b94493f019882a4fab468969e321894ceb844c993363458f89fc2c868894f9b4	79cf5fb5b087b189de6cc6d6aa5b7b7fe10a7c5c6f526d505182a5998a865603	21958
bin/demo/graphic/pc/p2/motion/p2_drs0004_00_kon/d141_p2_c001_anim.tranm	63e54ba96c949ba5f7308a564b00a970a3382740a909201eff63c150e4bacd2f	b1b711d50153a4593a4d9994f1d0cb8205036e1c04f4814dbebada12ea1a03f7	12484
bin/demo/graphic/pc/p2/motion/p2_drs0004_00_kon/d141_p2_c002_anim.tranm	ec09cea1fa08915a5d25106dbd50a81c7d2f83744b0cffcaa237e94b3deb4a71	5070aad2861499d76260a7d19cb912cc111e8e9067dc2e3d4e48eeb498c51aad	7336
bin/demo/graphic/pc/p2/motion/p2_drs0004_00_kon/d141_p2_c004_anim.tranm	e5c7e79784967fbfdd0543c5b0a3712e8e11fc2f03b6c651c53f8d2de8dae54f	d0a4431e33fd3c6a60332109d5075542d284c4a2d770bdeb1506bc6d0ad16896	4312
bin/demo/graphic/pc/p2/motion/p2_drs0004_00_kon/d150_p2_anim01.tranm	0584bf66ae539a643837c1976f5b251353b6d272a6350e467b364636f165e7ea	092d5c375a30e63368141c9031c67b704998ff21cb45ef6f40b76650b89d1de8	5726
bin/demo/graphic/pc/p2/motion/p2_drs0004_00_kon/d150_p2_anim02.tranm	7c13b881a7fa6d3f0cda7f673c9a808e8415de6e55f895939f6b8824c9c9d5b6	0b0a1498918d428199b90921e6590c33068cffdb62818d6e1ea39f91899bffb5	6820
bin/demo/graphic/pc/p2/motion/p2_drs0004_00_kon/d150_p2_anim03.tranm	773232b4052a18231e067292469b01fe11bdc7ecb1a47e0b636668a5a9fb783b	aa1692f1bc75a86adbf4aeb47395712f3ef9b7163fd7c44e2cf05b6c070788c8	563
bin/demo/graphic/pc/p2/motion/p2_drs0004_00_kon/d150_p2_anim04.tranm	fa4f3b0a71dcca5cefcac04577b4446a1fcd0dd1af80511a737c5798f0678a7b	99286d3ecbc6c9ef6b5f042955809177330c1bc1b83d021a04bee714ab8e282e	4400
bin/demo/graphic/pc/p2/motion/p2_drs0004_00_kon/d160_p2_c001.tranm	ddd54878daa997277afedbfc5133a80e9e70f9a54c6ce91eda0f9fdc7bd179c8	fd657bccf0d44cbc252e53209845c28868b15c69b5dab69f7e00fb1dd11ab76e	3512
bin/demo/graphic/pc/p2/motion/p2_drs0004_00_kon/d160_p2_c002.tranm	0388cb7abb2cf7ba72a2abedd3f5b62a6420798169fec5938a2c6e1ce00fb62d	01749a941c51710013288cb05d7aebef53009594794f842d0d5c46bfd510f9d6	5336
bin/demo/graphic/pc/p2/motion/p2_drs0004_00_kon/d160_p2_c003.tranm	4a6977f96ca7fb61ce2900b9d3bf8387f2eb5ebc5e5ebd2c6371b27f7b37c289	c53d364cadfe5e673bf212760f2d0375a9d8c937d50167eb9999fc85a73424b9	3053
bin/demo/graphic/pc/p2/motion/p2_drs0004_00_kon/d160_p2_c004.tranm	5c09056c90ec1d398aa43d1239c908fb60c1c00c0344dcb35e3cfdb980c67647	2dd216fc32c799c52bd1f7b88b34e777424550bc689c8fd831e6479771379dd0	12892
bin/demo/graphic/pc/p2/motion/p2_drs0004_00_kon/d160_p2_c005.tranm	95d8d6ce720de5d9d6239ab1c509d757e9bc1591407f3b9df999a09c0aa1da40	d97e0265af4f48d2c0c021666df4bab4853d7dae37427fcba497616842273e86	10128
bin/demo/graphic/pc/p2/motion/p2_drs0004_00_kon/d160_p2_c006.tranm	aa4d77806d6e86102202254dabd44378b1a339642773af8ba940acd0f3146819	8688765936c674048566d5837d6b66ca077047cfc316de901e09b57be5bc2d7f	5652
bin/demo/graphic/pc/p2/motion/p2_drs0004_00_kon/d160_p2_c007.tranm	9d2a4b1c1f7ceac97592c6b1893844fc43793db6fe07a0657b305178ec961cf4	f4bbeadd49ed74c61315d083b243f0c2e7edd2e41d8d3eac9e68d0b358438243	7284
bin/demo/graphic/pc/p2/motion/p2_drs0004_00_kon/d160_p2_c008.tranm	ecf39b906b48635272cced4ddea33eb6f75b4d4fcd6b1e5b9abae321aef8f9f7	debef9597f01a2f00b80670d81b6768a4fb4e597d6367e3bcd1b874265448c50	18872
bin/demo/graphic/pc/p2/motion/p2_drs0004_00_kon/d170_p2_c001.tranm	5379404d0c9e8ff3883be63fd9df18fb42c082a10c5d1be5961c7631ce5979f0	89a79a9ac724c0e8a0a9f6a7a1b13544bc58978cb8b242c99c63eb411c56a2c4	3069
bin/demo/graphic/pc/p2/motion/p2_drs0004_00_kon/d170_p2_c002.tranm	28f548f1e6539c2760beab7cececc2ae626a987cd154228987b298a68f22c7ba	850508d50efed266285b0171284d7af3027651a4da5a69fdb242fda2ff525b78	8839
bin/demo/graphic/pc/p2/motion/p2_drs0004_00_kon/d170_p2_c003.tranm	e213fcd39ee19c8e3d0d873547f57b01880037013238904847efd9bd3d6d0773	21e432ed18d1fa30de53eff46ac1fee3ea04da66fafa135f00c3f4ae416c0dd1	11351
bin/demo/graphic/pc/p2/motion/p2_drs0004_00_kon/d170_p2_c004.tranm	f95cf3bf226e4c9932696f90623ed73a1527b7b3d7cf0731381110e4a18baab2	7f127b9c7ebe4b344e06c7df1ac0696dddba0031880186a328f6ac314f121443	7955
bin/demo/graphic/pc/p2/motion/p2_drs0004_00_kon/d173-175_p2_c004.tranm	6768a5852350c3e828657bc191ea2a3b4e07670d49471b2a4dd5b7d93f7a7916	7f127b9c7ebe4b344e06c7df1ac0696dddba0031880186a328f6ac314f121443	7955
bin/demo/graphic/pc/p2/motion/p2_drs0004_00_kon/d176_p2_c001.tranm	f83129a3ed857a4caf18ad7a3f37fb99c1ad0139f5da3959922a5bbbf964b530	ab49921fe8ad9420cc2e4de42075e1c83a213cd951454d7d68a638c317c6e7e8	5409
bin/demo/graphic/pc/p2/motion/p2_drs0004_00_kon/d176_p2_c002.tranm	8994c2b0e1a4198ee92d677a3b07673f75e2877d110814ba2e706ae1559b1fb8	25796e83de62a60848c079fe320fcef7e9d84d1626316f91c3b334ff73cf9c89	9951
bin/demo/graphic/pc/p2/motion/p2_drs0004_00_kon/d176_p2_c003.tranm	134cedc15c0eb3d4d73082299a018e97157476273be0e49135a2415796b0aa63	59591157e6311bf5a527e9c01c9613a61ab27a42b1af8b472f0b9f188b617af7	11351
bin/demo/graphic/pc/p2/motion/p2_drs0004_00_kon/d176_p2_c004.tranm	22ce744621e2349ae06f9e1dcbcbe95dfb5298c698613a5e1f22ae122812549e	1f38fe2fc798b131540758e34352b8a84ac1b7d54a8891f60d822f534391d7b3	7955
bin/demo/graphic/pc/p2/motion/p2_drs0004_00_kon/d200_p2_anim_c004.tranm	51eafe800d8d7581f955a829958d4be5cbba39386f5308cb8dc8634381f3da6d	1f72b421230b906e858cdf96b939489801a6a0ceaa53e5a1e197955a87c161a6	22684
bin/demo/graphic/pc/p2/motion/p2_drs0004_00_kon/d200_p2_anim_c005.tranm	90dd24556eb53606992b529bd8a6dacdd1b6241302c67c852b7ff00d4b8718dc	3bf909ee1ee47499ac7eaaaad8608e08d99768ab6f8f94eb1f3c825bf873d583	24428
bin/demo/graphic/pc/p2/motion/p2_drs0004_00_kon/d200_p2_anim_c006.tranm	5476fcd106a2131da4b381174d7db1bf3c4433c5013f5fd5d68e259878426c4a	c4ba8c7bef9c57d34eb2ea21f7b51994f3ccd3fc1972812362798059a5339ce3	21312
bin/demo/graphic/pc/p2/motion/p2_drs0004_00_kon/d200_p2_anim_c007.tranm	c5ea159aeaef065257a6e2e3ea95f075a8977884d26700ecb6448faf2125e377	7ab4050a53848e82628e23927e13d2373e426c9eafe7f59a0bd6fe6c68a2a7d8	32586
bin/demo/graphic/pc/p2/motion/p2_drs0004_00_kon/d200_p2_anim_c008.tranm	2f7bd7ca0fbdc2d1da66a48caba733de43a512f44fdf13a5989617bd7f0bddae	7e264b6dead8f2f45a9f2e24aba447f7c17c06f69149fdb04aedb77026ac8007	16886
bin/demo/graphic/pc/p2/motion/p2_drs0004_00_kon/d200_p2_anim_c010.tranm	5323ca37acc5806a049ade8ca758b885025d172e1f71e7d2a79facc8a8ae3fa2	5b3cd12f6a78cf74a6633659352dad0f42eafc7c3e12fef5f0b98e7171686ff8	8487
bin/demo/graphic/pc/p2/motion/p2_drs0004_00_kon/d210_p2_anim_01.tranm	6cf4b09f76397495c592a3bbf911d1ecd9e30c81534b4ca72692009d3928f825	535d74348fd4f94388658de95a11c24c74628d8c8b9bdf1834329542fa8f617d	20344
bin/demo/graphic/pc/p2/motion/p2_drs0004_00_kon/d210_p2_anim_02.tranm	066cc4289bebdf89c1853cef1c84437fc0bf0f8b084b0071ceb6da0bfbc14246	30fda007389f9429dd42c9f56d995bc94fa314d724b2a89bea4e5df06df6b262	7532
bin/demo/graphic/pc/p2/motion/p2_drs0004_00_kon/d210_p2_anim_03.tranm	010f4a7e3f8d977a22f27aa8bf8cd91b3dacae5f379d8b10b3f56eb43b22342f	39bfae5953a3c165560263ee80932a3a32b1971afa5e1705861bb289ca3c87d6	27639
bin/demo/graphic/pc/p2/motion/p2_drs0004_00_kon/d220_p2_anim_c01-c03.tranm	e328be86266163fac064936c5c1552e9417f006f3bbd1c6a86b78f8968167281	ab36d37add77faee46a26c7d3e1947365aaf2a7b02408d2cefb9a82405c0bb4c	7080
bin/demo/graphic/pc/p2/motion/p2_drs0004_00_kon/d220_p2_anim_c04-c09.tranm	e37fdb2ca680cc1ccf8deb77d5778970185245dc21a2e29b93a590da02f5c0b3	0c0282cb0171ab96a07c65119e16f7c0a24a04849ca334474835d3757f0f860c	9338
bin/demo/graphic/pc/p2/motion/p2_drs0004_00_kon/d220_p2_anim_c10-c12.tranm	0e97e7a53c93407fe5740454fb8c264c487b3db326a3e118b56a87e3dc4dc43d	c215b398a41918d5591ee2c33401f13e062333481368974a247c11e286f46d3a	9926
bin/demo/graphic/pc/p2/motion/p2_drs0004_00_kon/d220_p2_anim_c13-c18.tranm	acbf18a41f0ac86a9720266048278160b392d0f529ef0aec79cb59491950c2e4	74081557049ac6e4bd1990a526478b3e3c956e55eb009c79c1195e9826449d23	13078
bin/demo/graphic/pc/p2/motion/p2_drs0004_00_kon/d220_p2_anim_c19-c20.tranm	b1a5c925d22ed459bbe29d265b2958c1c9faa0e8376c9aa33855efeddf47825a	17bb3513f3156bb34657e205eeb456f8c23dc730244c100cdbf8a74ad4f9a440	12912
bin/demo/graphic/pc/p2/motion/p2_drs0004_00_kon/d220_p2_anim_c21-c23.tranm	5164fdd4fb4aa07d1a5dbf40d938b54650d86df4ba1b91e119518a3dd6994b09	d71f1f3371a3c0f068438b05523f96750b6b2ad8fdf8f731c539294fe9fbba20	13887
bin/demo/graphic/pc/p2/motion/p2_drs0004_00_kon/d230_p2_anim_c01-c04.tranm	3cbb1001e9d38864cf26f22644c41613c8c7a7be28908ab89dfe346d00413ef3	4ac5f765648225025cc4093ea0451c5c84155e745507a9b189f1f4034a53c79a	26310
bin/demo/graphic/pc/p2/motion/p2_drs0004_00_kon/d230_p2_anim_c07-c09.tranm	d61affde14529be3d4fd7a3d0e90265766cb2fa6fc544294db21c4347c13a433	5822ab32d212db8edd933fa1e0efa925afdc296945e719d1a34094742c4c2d5a	9317
bin/demo/graphic/pc/p2/motion/p2_drs0004_00_kon/d240_p2_c002.tranm	738999ebd921401286aeb0c4b634df5de15b7b00bf4a8c3d3d9443bd1383cdf2	f70818dcb0bef94cfb6be932275e3b21bcecc9e83a144d461f26dbcb3810d809	19201
bin/demo/graphic/pc/p2/motion/p2_drs0004_00_kon/d240_p2_c004.tranm	0b96be2c6e50ae0d116d30ffd05864149be33014b518b43d851b8b51916e53fa	38b91a67270d4f48da4e4eb83803ed3cc21b032cf959dffb6d345e52317c432b	10759
bin/demo/graphic/pc/p2/motion/p2_drs0004_00_kon/d240_p2_c005.tranm	5a6a14ab5e1f55e35dda966a3abdb64b202a922cdbecef41d28aaaab6ecfaeac	4435c92b486240625658678f9b8d84324aa5cdf4cb6e2449edab5059f4b29dff	19981
bin/demo/graphic/pc/p2/motion/p2_drs0004_00_kon/d240_p2_c007.tranm	0a7bd8451776ddde1091a82b02cab5f90272f18f55a91c5382006e9d9423cfc0	a0ab184e09b35b3e0e6ddea1332e8ce9ab02c2137ae157e2c08a59c48fc23624	8819
bin/demo/graphic/pc/p2/motion/p2_drs0006_00_karate/d020_p2_c001.tranm	bfb22c69f9222ae7d9bac332e9389bf2c2d68f05650ed1459909ac7bfc4f5b8d	53fbd062384a2115623fd780008b938cea8719ce21da81abb26e12618fa48d69	32691
bin/demo/graphic/pc/p2/motion/p2_drs0006_00_karate/d020_p2_c002.tranm	61c881aa94d6e8507d66a606235e6079a64aa191cb8ff5df300d19e71e9c90e9	32fc349656f0ea56820c607d29a60f3d86efe620a76df8b3adfae1d853a75c43	27265
bin/demo/graphic/pc/p2/motion/p2_drs0006_00_karate/d020_p2_c003.tranm	a19561c54ed56effa9af3077cdd4333e2e4692c7f7a049d180be5834f7fe84ba	dca5339d46c4322ca397b84bac1e7eac564b2e504ad66f75634af1b1650f2dc1	26109
bin/demo/graphic/pc/p2/motion/p2_drs0006_00_karate/d020_p2_c005.tranm	176f067e8bd6ea259552e49fbd900e5a0ba0e0ac01e83f91bc3d9f7852ada579	5425f5e833217355d95c8f166c83cd3b5d5fbd2c0d722649a0660acde47d78f1	29291
bin/demo/graphic/pc/p2/motion/p2_drs0006_00_karate/d020_p2_c007.tranm	07c862ed717d02583a86014444f04aa4db8434575b8d64fbdf2d47e09496e683	a08230967649613438e2a42c99339c88944b2da5c18c9368e974b3c19be96d54	4451
bin/demo/graphic/pc/p2/motion/p2_drs0006_00_karate/d020_p2_c008.tranm	6e079a4dc3732c8dd6471f50421b1fcdaeae5e20dda813d48b67d74582d58a0f	a491b2e735eed01ec31cc190ec3f7f1bdf92be3acaa90adb7bfb0c766fc6061b	5193
bin/demo/graphic/pc/p2/motion/p2_drs0006_00_karate/d020_p2_c009.tranm	3240e4128268e541cc360cabb86fe45d5fbfc39c383be8b3aa59c28bab6a0108	84b296fa04f9403567fcdce36c0655f703c3169fb1227e3721f488697c5be5a3	11233
bin/demo/graphic/pc/p2/motion/p2_drs0006_00_karate/d020_p2_c011.tranm	3c4dac31681ef8af142b996929a05e7d2cc082bd2760a5e0a5c8d6695a7db69a	c6a6f3285b42ac1ceae74bfdb536f9e8f1f97d3ae68468d773176f2f8a22cdd3	6757
bin/demo/graphic/pc/p2/motion/p2_drs0006_00_karate/d020_p2_c012.tranm	7bd2ce94098222800a30b728bcf65d113c803a42dd04361f20967192c2bf0d56	fe5a5c34a5fd07ab8069b698bfd7405e99c07fc416ef5b2cbd46b46d00ab1433	14525
bin/demo/graphic/pc/p2/motion/p2_drs0006_00_karate/d120_p2_anim.tranm	947f71568bf90cad663ff09addce159148050fae1ee41a4a11fe7781f8fa6302	134d940c53221d1b2c05dd7050d88e5954510e7670d7ad5ced787d3f79cbf0ed	81913
bin/demo/graphic/pc/p2/motion/p2_drs0006_00_karate/d130_p2_anim01.tranm	d4fab555e4a8f4b6d5abf327826f10b4cd47b12cd4410f1d8717c057b41575e9	9949f995d1c6372bc8c08dba01eab793efd16d6997682155b41172cff00185db	57930
bin/demo/graphic/pc/p2/motion/p2_drs0006_00_karate/d130_p2_anim02.tranm	d8c65fdd37351128883a36c3d245c0d94b1081f491a876ef2c0ee3fc58e6f798	4daa3837a93cbc9427846d55ae443581014868a03ef34f4012a8ddcdeaf5a23a	15360
bin/demo/graphic/pc/p2/motion/p2_drs0006_00_karate/d140_p2_anim_01.tranm	b301ea8bb21ed6e0f51ada1056fed5e02a8a1fe7266d6855295d8742f835e0e4	146d7c4f7ecb7c2084af5c57ae7c127cdd7f67cc49006457ebe664ae12469385	9288
bin/demo/graphic/pc/p2/motion/p2_drs0006_00_karate/d140_p2_anim_02.tranm	e3bcf795c42f75c7cddb3ec5ca861d45ed45ed87884dab68a10d1da7ab36d0e4	428d721fa3221ea1eb8d1ebeccce85c165840b43dd6695d89291ac2c1ca1dd18	13336
bin/demo/graphic/pc/p2/motion/p2_drs0006_00_karate/d140_p2_anim_03.tranm	1d1fad637d7352a148eb7c2ce519201e64bff7ed6c7b019b9ca1bacf290dae32	918230206e6eda1d1f53dc92f7f91f17a7110a1c499387047465a78a0fb0d737	36050
bin/demo/graphic/pc/p2/motion/p2_drs0006_00_karate/d141_p2_c001_anim.tranm	550759a29393a98316a81a58da35df189814773869a42a2b1c192b945c108489	4a9268842c404f3e60a662a812402f8ff35e8e8f0a681d1a88ccfdad831ce68e	32339
bin/demo/graphic/pc/p2/motion/p2_drs0006_00_karate/d141_p2_c002_anim.tranm	1c6f1fc9c28cac2bf4a5a2b81f60dda7fa4f4e9313c93b5e63ad3d278fc7b433	b3993e78e2ebe1e48c5b1fa0867af58a394ef0e6c63e05daf31c769aa40fb903	16847
bin/demo/graphic/pc/p2/motion/p2_drs0006_00_karate/d141_p2_c004_anim.tranm	8eb0d582ededc354c22411e3fe41faf872efa5399ee710b015c3d44e7cf994b5	a9a45454ad018889ed58db49f16cf4373618c1254ddd4e44f9fc308a893df0f8	17145
bin/demo/graphic/pc/p2/motion/p2_drs0006_00_karate/d150_p2_anim01.tranm	c2f7944c8571568e4f3044259e405cce606a289f1caf638208643e1b445019f9	2220d7aa8815a9b0ae1adb5f9bb48325e11c0c0306d087aa76adf1235b59e89e	11582
bin/demo/graphic/pc/p2/motion/p2_drs0006_00_karate/d150_p2_anim02.tranm	238dd7e7eef13ca6ad44430f1f7b03a971c1839a614ee2079b6114f95cc84c4f	5f0970318b8a9442ed83caec2a3f48aa221d85a9a7b0b3c504a513fecbb6198b	15624
bin/demo/graphic/pc/p2/motion/p2_drs0006_00_karate/d150_p2_anim03.tranm	75a376292712b1f5014e7d8ef9d9fc31003bef1570b4cddc257dc3e312992999	7c50f77f836a2e2687fb4df24895cb2d950081eefd23f0b18fcaa938a357a2ae	1639
bin/demo/graphic/pc/p2/motion/p2_drs0006_00_karate/d150_p2_anim04.tranm	b567f9b891b2f674123cead5ad98f6867696dace43ed0ee735541754022b4c47	00cf5aacbbd3b7165bba845d6414e40f799bf9b04eb0971d61a842038dc622d8	7340
bin/demo/graphic/pc/p2/motion/p2_drs0006_00_karate/d160_p2_c001.tranm	b0e5603e59a8f3ba218cdd1739a2180fca4c6a8f42ab6a431323e5c380b9d4a2	6adc83831c6f5117808f4bcd1db3d6832a2fed9cb7acb2f3a109e4bd3b467284	14625
bin/demo/graphic/pc/p2/motion/p2_drs0006_00_karate/d160_p2_c002.tranm	f699a8bf233e515c3ae96caddeee27a1baa9cdc0d7d37b194f0d4784af3872a5	76ee7b1192aafe34b145bef40662b3ad8928942c135373de1cdb768edd4bd8b0	15619
bin/demo/graphic/pc/p2/motion/p2_drs0006_00_karate/d160_p2_c003.tranm	e4ee4abe2dadd670e7bff91984aa40689aa7a5bd06c2dddce816cbfd591b7a95	84d61f980e3887abc5d236ab8b8f0ccca5ee589199448bcfd1de88530bcf9cfd	8535
bin/demo/graphic/pc/p2/motion/p2_drs0006_00_karate/d160_p2_c004.tranm	a332b4320120a8f223874ed7b900b9ec11deadeb184e429653b38c764434358a	084bca717fb8a65fb3cc55832f3d469c56bb4dbc65dd0fbcde5f0388812604fc	39793
bin/demo/graphic/pc/p2/motion/p2_drs0006_00_karate/d160_p2_c005.tranm	aaac9bcfb676d81528fb402b970a67137144951db34099d8e5caec097b968a15	149d0219b26684de181ff7f06a0424bdf76ba85ded925f18c606f3074e22b525	29749
bin/demo/graphic/pc/p2/motion/p2_drs0006_00_karate/d160_p2_c006.tranm	f710e43e072b81e25f9aa0188103f748ae529dd3e32b538224055c6f4f3f766e	9b038cd73f092d1ea9dfc74e9ccf5af07d7486241fabc138d8b296c675c2440c	20405
bin/demo/graphic/pc/p2/motion/p2_drs0006_00_karate/d160_p2_c007.tranm	fc5805de4ee57e676d5e1bd1665ce1d2f7c43460fa6862a566e165384914183d	94c83a6324af4a8224bdc2161ab8553eee3005772d3fab6024210e42b4d4b024	26235
bin/demo/graphic/pc/p2/motion/p2_drs0006_00_karate/d160_p2_c008.tranm	a036f0836548244403b173cc3105b53f36d68d8cf3ac9c2cc7a04778324e8353	e5fbb41685084a87487f4129a4c35afc6e63d1f019c26fb9ba5499563424b8bd	57749
bin/demo/graphic/pc/p2/motion/p2_drs0006_00_karate/d170_p2_c001.tranm	87df8de23fcf6a57f83aaf844056f7dd04ede8af63e5b200b23dba9ea4dc4321	7835f6a51d639135c5fddd17fbed372c2dec2b31661579f676325b6c6acc492d	8365
bin/demo/graphic/pc/p2/motion/p2_drs0006_00_karate/d170_p2_c002.tranm	b147fa3385b392153700523b65859feff6e36769685665de4b09cd3d8d59e8e7	bc52d22f2fee9d3046e1d57472a658f4356cd8a4836eacfcc036f1c85b880f43	16089
bin/demo/graphic/pc/p2/motion/p2_drs0006_00_karate/d170_p2_c003.tranm	87c017be5e850fcc4a1f895a05d3c530b4b5158dbb86577f90b4b8097c8a5e85	512f7e72cb2983750199c72cf784f4d1a5e1f84b32b5c0197796f78cc323e132	18184
bin/demo/graphic/pc/p2/motion/p2_drs0006_00_karate/d170_p2_c004.tranm	d65d462d75fae007008b2c77611c4f40c90656cf1e32435fe86bee41c3d5dce6	f819e0c8c30bca5e39d80de7ff95b0917d337d989542399743d6b8d3ba71f510	8053
bin/demo/graphic/pc/p2/motion/p2_drs0006_00_karate/d173-175_p2_c004.tranm	c777407316d52372c834bdb3a6fd29962d2108c4c369bc8f7ccfcaaddb78a9cb	f819e0c8c30bca5e39d80de7ff95b0917d337d989542399743d6b8d3ba71f510	8053
bin/demo/graphic/pc/p2/motion/p2_drs0006_00_karate/d176_p2_c001.tranm	dfa0e271fb28419cfb5b4fff3cc26de3443d1ef5274bbc5c42b7d33939e88d97	1f8c53d55173f13b2785a434053991c1747891db959c01d6465d01912f57b0fc	10821
bin/demo/graphic/pc/p2/motion/p2_drs0006_00_karate/d176_p2_c002.tranm	1195cdc6de8842e93400a2cdff46b0a58e5ba4d7002c5a573d25fd18227a220c	d9285bffeca25b12fb43ea80b88386b4fbd72d50daeb57a6918dc74d0c321309	25651
bin/demo/graphic/pc/p2/motion/p2_drs0006_00_karate/d176_p2_c003.tranm	3d8147b6e9e96a6f7db17b7c7337b9a78e7d6242e4707f324399758976be3ec5	6f1fa7f5a9a7456d21fd2f6c40259b9372578663fbcdc129b58139243f885741	24891
bin/demo/graphic/pc/p2/motion/p2_drs0006_00_karate/d176_p2_c004.tranm	961b0fb8de1e4eec778e5c192a52d9524e650b91f1c8387e50da1c03b0a95979	01ad4f0b83cacc62627bc1a484c51e02591e2ebdbfb8dde49e3b9adc4a645883	7925
bin/demo/graphic/pc/p2/motion/p2_drs0006_00_karate/d200_p2_anim_c004.tranm	5dd8f4751f54e8165905252d83aa5df4bd932caf78e9321ed72ecac2802805f0	059e5e532d2d8eefe690ce67862f667795f335ab46c69377040239f91b471d20	43008
bin/demo/graphic/pc/p2/motion/p2_drs0006_00_karate/d200_p2_anim_c005.tranm	46856159b2d4549afd9c8cf9bf6bba82e717289bc04695b076295ddee7b5f4c3	9e87e454e77cef988a4edc7ac42de887a7766c816b026f6c2db90262be2c88bf	56796
bin/demo/graphic/pc/p2/motion/p2_drs0006_00_karate/d200_p2_anim_c006.tranm	ab367ac7787488036795a5bd66ec2dc2e97d81d7c00b65dd2f3977dca91b2cd2	c4ba8c7bef9c57d34eb2ea21f7b51994f3ccd3fc1972812362798059a5339ce3	21312
bin/demo/graphic/pc/p2/motion/p2_drs0006_00_karate/d200_p2_anim_c007.tranm	11bae34bbaf70aeb343bd86be9bca89dd21bb3b8f798866113c0b27f02890d26	6a6e683cd4ef3138eafd4d85add68fe10262c46081cb5c1151f74daa6e49e06f	59262
bin/demo/graphic/pc/p2/motion/p2_drs0006_00_karate/d200_p2_anim_c008.tranm	96b65d0ba77ea0bed4b856948c2b1e9647bb4fe95358a9588c8785b8bd24b8f9	aaee40d52344731499e46f0c45538fca327c6516b290843145a119591067569e	39766
bin/demo/graphic/pc/p2/motion/p2_drs0006_00_karate/d200_p2_anim_c010.tranm	82cf3c58242fa7388f31244365230654b31fa2eb23043a2a939225e121945bbd	b995986170f3b7998c1c6f9331bf4a92c3c533367b664be92e3f28d17afb4afa	17267
bin/demo/graphic/pc/p2/motion/p2_drs0006_00_karate/d210_p2_anim_01.tranm	6ec8cc8197016fd46538e673995d5a76fbd869323fead22d86490cc1fbef60bb	5e3da0207a4dfe53b8a06ad4470997ae565686aabfaf629c065357682dc3f86c	52344
bin/demo/graphic/pc/p2/motion/p2_drs0006_00_karate/d210_p2_anim_02.tranm	c9b36b1d7da631a618ad40df4ef65f3c52bfa2110c67010452d0de1215b1dbc3	bedd9e9e59829f944a8ad4e00da04426b2cf4a10eb42629281577cea356a8a5b	16188
bin/demo/graphic/pc/p2/motion/p2_drs0006_00_karate/d210_p2_anim_03.tranm	332916d22cfa7902663e19a354c11798073607858d7df04133317ec1d06ebaad	05c96aefd3f861565c1715da73adf0eb5292cbc17e9e4a4ef78f527b1b2be0e8	59155
bin/demo/graphic/pc/p2/motion/p2_drs0006_00_karate/d220_p2_anim_c01-c03.tranm	4c97d5740f4d1760fee93a0fdcd41fb848048f0067990cb2df6abb0d531d228a	6c1fc647c5c16a307b04ecc7a05bcb1870d268ba56e6382a7099298167a51660	17712
bin/demo/graphic/pc/p2/motion/p2_drs0006_00_karate/d220_p2_anim_c04-c09.tranm	bc9cee4760093d7ccef6f8d3ff5be4b742238fa5182747927810b39dd5611e6d	910b1ee98d82a1ff36e62b5ce70e4c89ab57b7aa6d0445496e13180135dfea02	25668
bin/demo/graphic/pc/p2/motion/p2_drs0006_00_karate/d220_p2_anim_c10-c12.tranm	bc4c168730d2a5405443e554c01a72f3ec5856dfbd46b5007cc163b8ba46108b	07015331dec5963d0be9738f97b4c00e137982cb0152be6044d8502bf16a361a	10566
bin/demo/graphic/pc/p2/motion/p2_drs0006_00_karate/d220_p2_anim_c13-c18.tranm	ebe68746d5d45e18339ebe5f6b334b8db51ddb7c6a30f88dc9c31c807381d665	07907c3d269ffbce73934b13d28b9352e73e7f5efe46bb088e7482efd6e034f4	31854
bin/demo/graphic/pc/p2/motion/p2_drs0006_00_karate/d220_p2_anim_c19-c20.tranm	35dd4fb90d0ec3f22ef8148ad51f30c35c271fd319d7b773623fa16398dc2b76	1636092494d17fd46fb4302ec5c47b2c5a06170cd4bc49f8de2727f3cc876a1c	27832
bin/demo/graphic/pc/p2/motion/p2_drs0006_00_karate/d220_p2_anim_c21-c23.tranm	870396a6c207d1aac143bb670fb756d1d6a91840a2b92d092f3f1c515b21b392	4080aa15c58984aecd92e990b34cf9282929bb8816450567e5fc4ccc64417979	24565
bin/demo/graphic/pc/p2/motion/p2_drs0006_00_karate/d230_p2_anim_c01-c04.tranm	09596bcfe460b72a580ba8a460302f9fc4cd9e16a6c08b4ce003f62f69aa6032	69063d56469d44d1d59ac40c837862e91be5fd6f782ef476fd89d46f807693fe	80166
bin/demo/graphic/pc/p2/motion/p2_drs0006_00_karate/d230_p2_anim_c07-c09.tranm	ba34a50a5213fc34ac49834eef8f7c55098f08332e9a5b0454ab4ce91794661f	0b5268c864ca222698399640a9529635769d939e9d0f85c4a0381f1bd15b3175	20625
bin/demo/graphic/pc/p2/motion/p2_drs0006_00_karate/d240_p2_c002.tranm	40b97039a0434a79a6914170265b92845381e102f411a27f531cc509fd8c0554	685e685c57cfd7798c0d051f8d1014515cbca2fdb218ba8395c3eb63e2860691	35261
bin/demo/graphic/pc/p2/motion/p2_drs0006_00_karate/d240_p2_c004.tranm	85fc7a21023b62a86d6e34b27f03d0f369353122aa6eb524277ef1b9f6249d49	6e5241c603bd70dacf4d628f9383a3811c082d6f20cbe908de9a16836ad1b59a	13051
bin/demo/graphic/pc/p2/motion/p2_drs0006_00_karate/d240_p2_c005.tranm	9dfe177dc314e16e1d098607fff0dd8592d756197388fa65216169b6e0f04c45	cb3425476a2ea5a8b830bf34055145bc69395c495a7163fbcfd3991024077342	40925
bin/demo/graphic/pc/p2/motion/p2_drs0006_00_karate/d240_p2_c007.tranm	129c73da5066e617f4dc11b6a870606169f425cb0395dc13da8992d5509d92dd	e46827a69d673a7e295e5b090355fe03e4f7a7ff61bb8967ef32ef7b86837d25	13177
bin/demo/graphic/pc/p2/motion/p2_drs0007_00_ar/d020_p2_c001.tranm	5934de9cc033804cba817b7eb47bb2ef7b8a787171d17162a15b21282b5dc7fc	bbca8f5517a6097eb53022c0558e9f0622d6867c5b68a1b0e194843998cd4505	34823
bin/demo/graphic/pc/p2/motion/p2_drs0007_00_ar/d020_p2_c002.tranm	cdfe3cd02267b861d8295c784c42dccbb6dbf66b499af2ec67c6443b5c1b9ee7	c65397f6b72d8df8991e4f5c8eea655acc9f4b3433d8e88b52c98c205aaed821	26735
bin/demo/graphic/pc/p2/motion/p2_drs0007_00_ar/d020_p2_c003.tranm	cee31db308b2b6e94fdb80ceeb97fc8f5b3f402cbaabbe894759d0d4483911fc	73e2ba29be83e6120840b1d0ac55fa9fc583d165546b46b4724dd8a8719c9159	27231
bin/demo/graphic/pc/p2/motion/p2_drs0007_00_ar/d020_p2_c005.tranm	0b6cc5589a6a2ef69c8c7fe9482731f6f36f83240dcf386132ec4d1461f76ac0	7a3eb722a578f9870d3d5aa84ff8ab1e2777848b31a87ccf7eeb30165b256b3a	30985
bin/demo/graphic/pc/p2/motion/p2_drs0007_00_ar/d020_p2_c007.tranm	6095b6ef8fafa05b8d5e23e7ea2afea73afc3417a995f7fe1082f4d2539aef35	2bbdddfb967e138da966494752c393939a0f8e6e3d8292fffb0fc8e7d1d29d9d	5805
bin/demo/graphic/pc/p2/motion/p2_drs0007_00_ar/d020_p2_c008.tranm	c7a570fcc0b85249c9cf5fb9fb252a01f66fd0c0b64f8a61502f366ed582b55c	7ad6eb74c8707959dccafc5132f6bdd32553d3337f46e28089a2d478a90cb10a	5563
bin/demo/graphic/pc/p2/motion/p2_drs0007_00_ar/d020_p2_c009.tranm	2b08e7ecd1de50d4799b84c5c8f5d70be0d65022aeb4acfd2e29287c17d094a7	96657a565c8f2dc37dadf5bf054c2aa60d368fc392080a1d74f1b0a8a76e30ef	11135
bin/demo/graphic/pc/p2/motion/p2_drs0007_00_ar/d020_p2_c011.tranm	cb026d8e1bd0da3dcf6c672dc0282841fb55402bf62a6aa7fdd203aafd5e49b1	c45ccf3a68f28f04faa8957c5d7ffaac2e5257a98cea21877f52af4b140f5c50	6241
bin/demo/graphic/pc/p2/motion/p2_drs0007_00_ar/d020_p2_c012.tranm	ba0521b1a0fa61c8fb75c1ec165875c8839acd4fe42a81e48ad79c4e065ae43b	28f70716dd44e79e396bb5701b9b3c24a3e28bfd0e4b20df12653378f976cdd6	16807
bin/demo/graphic/pc/p2/motion/p2_drs0007_00_ar/d120_p2_anim.tranm	f0a08ab9b977dcb04335bca43360f5d218b8cd1158463459d50bfa1c8593753c	e554a89f3c376466941ed2ae7ff304b7259d14dd41b90e3392dd5db45283e3e2	111150
bin/demo/graphic/pc/p2/motion/p2_drs0007_00_ar/d130_p2_anim01.tranm	750377d0dc4b4a87a0e38663b00cf2bb96e5e28bb81395e8387499958d8c93cf	e3ba4c90e8fc7285ab890c1f90c9c718d3ee0a457177b6ceccc963029be45070	83586
bin/demo/graphic/pc/p2/motion/p2_drs0007_00_ar/d130_p2_anim02.tranm	33ea21e603b7dc07cf10de3500b37d60a99ed3060a1c9bca1fe2799426eb7a09	77311434f6a369b9fbc931114f999974bcea067157a7361fd19d7a9549ffa836	14576
bin/demo/graphic/pc/p2/motion/p2_drs0007_00_ar/d140_p2_anim_01.tranm	003d9916ca315535d0791612f3de60e87fadea2b889f805a6a28d99fdc2527a6	8919c12738902b2383f4e95736c9b7ac021b657e30850b4398be122cece52886	8524
bin/demo/graphic/pc/p2/motion/p2_drs0007_00_ar/d140_p2_anim_02.tranm	d3ecb0cedc9b0975c41d3cc0094debc67d482e0e849665da8b35a8af77538acc	7145fe30482d41c7ec59aa53adb6dc97a6101391d2f45d8e33ed62ff85c3087e	15072
bin/demo/graphic/pc/p2/motion/p2_drs0007_00_ar/d140_p2_anim_03.tranm	aea82ca2803d21c090ab6a396d9be20e5336e937dcc3e4400bb8820eb921a465	9db867e304cbb30d1ec73721012fe36a5648a24db7b75fba147f4bbfa2be1750	60352
bin/demo/graphic/pc/p2/motion/p2_drs0007_00_ar/d141_p2_c001_anim.tranm	636a0e9e0817e5a71c1f0521e340c8d3fd095e3050e77f7f947ebb07a9f93bbf	e539dc793bf369103f643ac504cb6a29b89d6f15b303b913c6a2559a4c03d888	37253
bin/demo/graphic/pc/p2/motion/p2_drs0007_00_ar/d141_p2_c002_anim.tranm	f562d28784373acd2137c2d76f5720bf369cdd8bce0e282a9bd6fb54e509f5bb	bef4b40936bcc5e6f45da0b94657321161c1dc6da2be0fe1b3d04f023023b874	18265
bin/demo/graphic/pc/p2/motion/p2_drs0007_00_ar/d141_p2_c004_anim.tranm	895c28c9db28a884de6e9511fa2d0244e578e7a0ae335abc9dfdfbefdc29ecee	4f6756db23e0b1611d4b32dffddf733c31639bda416045f8ee3842a490405ea9	10752
bin/demo/graphic/pc/p2/motion/p2_drs0007_00_ar/d150_p2_anim01.tranm	0f00b7fa7fcc03d73a7247586f83d46fdd74057dd1bb8dcacdb5485c1dd381fb	c43839869b7ba6f504c192fcc7fe2eab352fd6cd6c9925f81ea3e1b384bf6a06	14916
bin/demo/graphic/pc/p2/motion/p2_drs0007_00_ar/d150_p2_anim02.tranm	fb3cf1e1644a20bfdfa53085644bddc1b2fcd5b01361d9899c529f58b9468516	380276e49c215fdd26ff3bf39d9d5a65abb43de1947e6ff76553ab92261e6596	23560
bin/demo/graphic/pc/p2/motion/p2_drs0007_00_ar/d150_p2_anim03.tranm	3fab900ee383f86295140e0eef9bbaa2319be7a34d99e561be9c793423bca79f	10942520e004704ed87b98262a88363bb9e34707a77b73f5927c36f87636c374	1737
bin/demo/graphic/pc/p2/motion/p2_drs0007_00_ar/d150_p2_anim04.tranm	6be44c62ab4f104fa2e44063ad79b257e3a7d297187a8ae4147071c1b945d8dd	4a7dde3607c473085bc0125abac0fc2580d86f196919f559c7e62950ae1bd715	14824
bin/demo/graphic/pc/p2/motion/p2_drs0007_00_ar/d160_p2_c001.tranm	24e1229f3e7ffc5096b899008f66f56a265f6547cdab067a7f731e3b890d99c3	b8609a44e2543c629dd874b00faae9420b2b2b475e683a2c02ae18809385421a	15753
bin/demo/graphic/pc/p2/motion/p2_drs0007_00_ar/d160_p2_c002.tranm	79526c3f49f4b00bde81896248e69517f8f32910460d031ec53fa7d20b334608	53ee23a571aa312840e59d3d96302fb0a52f974187ab2daee9233f7fbb83dc2b	17297
bin/demo/graphic/pc/p2/motion/p2_drs0007_00_ar/d160_p2_c003.tranm	5a14b1592173a527901027407cd35997af5629e44418f8b639f50ed829a21c5e	b5028e082c23602f5677e1c4997e4a2de19176ba0c62ba3e1f38cdc0b078c005	8981
bin/demo/graphic/pc/p2/motion/p2_drs0007_00_ar/d160_p2_c004.tranm	f973008a77d1776796c2a8eb0ce490d998555ca6376eca6db30dfb8c1c819bdf	89d0eab229cf949a7d9fb4a1a4e8c89bff37ab63417c10b8ab18846a986f8a49	48055
bin/demo/graphic/pc/p2/motion/p2_drs0007_00_ar/d160_p2_c005.tranm	59ca1ac255cf62c34568b477846627be035e05f56a510aaa6dfa41a499fad845	83dd693c2f09fa32fe27a195d692ea8992c6e77eb6038d0e1b1138371c94fb4f	28315
bin/demo/graphic/pc/p2/motion/p2_drs0007_00_ar/d160_p2_c006.tranm	cf4ca96ba483dece08f88401d15f35d6daefc17622d9d3904756d5a7328c4000	47710917a6cd2add77873c79ff482bd62ad67cfec557ebae9ca52bfbe815fb92	17271
bin/demo/graphic/pc/p2/motion/p2_drs0007_00_ar/d160_p2_c007.tranm	ca0a0e7cc80b699824b82f612dc7cd983e1dafb86e4e1fd6204b1c646cb1417c	44d75312c21447d276453d63c66965bbcbc9eb20aafbe988542a70df74f6937f	38818
bin/demo/graphic/pc/p2/motion/p2_drs0007_00_ar/d160_p2_c008.tranm	c38df7396fe4e51f33d1de2cbcd719d3d8f0dccdffd7bcf0628b7d4ad9e033d4	8a692c9cb2126622058999fdd556c52012317766f54d0ba63e8bcf4aa379fda4	43537
bin/demo/graphic/pc/p2/motion/p2_drs0007_00_ar/d170_p2_c001.tranm	5b370a0adfe2d1ba87f068ebfcde4cf083c3504a230e27a52a00efed08e44aec	9662fb5c0f71ef9cbb9a01754dbf841d14f6a54f974de0321657455b925ca432	8627
bin/demo/graphic/pc/p2/motion/p2_drs0007_00_ar/d170_p2_c002.tranm	d96753d6d02bd9d19f961dd66b521b4cf81c7ef7eb60bd95d5f61e2a78702fe0	1fab978022de6d2eddab1a43c7083ac5cac56cfa41c371bd28bb3b42d697a082	28004
bin/demo/graphic/pc/p2/motion/p2_drs0007_00_ar/d170_p2_c003.tranm	c01629887f416b2591d7d2ab86fd042b1c3bd5caba65f0fb3f85bc3954152066	a6b4f9066e4142b9fe0c1972b6a374658607cd9619efe3c2d69fb085348cdbe7	19167
bin/demo/graphic/pc/p2/motion/p2_drs0007_00_ar/d170_p2_c004.tranm	facba2786c7a14900efb70c7a040479bf13b890b211f11877b4c80ea3feedfc4	43ef6719e1284f688d652995c264104446840a07dd68c6d3f19a130f8a5bd3c9	14649
bin/demo/graphic/pc/p2/motion/p2_drs0007_00_ar/d173-175_p2_c004.tranm	83ea98c1a14c62aa025a936e04b8b02849587c354e9d3747a608b7480e15d743	43ef6719e1284f688d652995c264104446840a07dd68c6d3f19a130f8a5bd3c9	14649
bin/demo/graphic/pc/p2/motion/p2_drs0007_00_ar/d176_p2_c001.tranm	eeb9a264e9941e3f060dfe5c1dd0b826a41203ba32e329fdf37255f860b37ec4	367b3eedb3ffb80ea2e451ccf4bd196e603fc689c6a95408b7f91ff1e6086d4a	13291
bin/demo/graphic/pc/p2/motion/p2_drs0007_00_ar/d176_p2_c002.tranm	07467deed3301580d46afb9200d8dfcc31b3acb533e8f91e2aefc7357fba7f40	f4bc03a4a1f70bb5daa75c70d844b7ce8999a0cc0d124e9ee79a77ff27de96fb	29275
bin/demo/graphic/pc/p2/motion/p2_drs0007_00_ar/d176_p2_c003.tranm	66907394284ceb8516dfb69eae9ad8b3f02c389520d1a4b7aad96a010ad61309	a6102b7be4e73684ff8b596aef0ff7c0487999f884f1f14ad1e0604c12cc0afe	20095
bin/demo/graphic/pc/p2/motion/p2_drs0007_00_ar/d176_p2_c004.tranm	fdc45e01da3b974c10d54f092ed976ed3e489f0390c5c54287fc3373e8b86942	701f2719101ad49b25f1dfcf62533efffa551c1272e7beda9c842d75ade7c7a1	16825
bin/demo/graphic/pc/p2/motion/p2_drs0007_00_ar/d200_p2_anim_c004.tranm	b1c172f0bcabd7fdd2a3e275ac137a0ad829bd20884bf1f045a93ce15a63a466	b6c7754463a75e4489ec5ab0114da442fe80b47dc0d6f238908873a29f2690a1	75524
bin/demo/graphic/pc/p2/motion/p2_drs0007_00_ar/d200_p2_anim_c005.tranm	4d81045129618a255a1f56d2b578a25ac84bddbdd091c94688ad54deb9145ed1	c055c3a117eb0503e2313884cead378e869da76fc9f55cc513557c5c57a0b422	60476
bin/demo/graphic/pc/p2/motion/p2_drs0007_00_ar/d200_p2_anim_c006.tranm	3c7d5b6de492efd08e8fe3cd76b39fb244ed09e4a63e0c302ce6afa0a6057826	c4ba8c7bef9c57d34eb2ea21f7b51994f3ccd3fc1972812362798059a5339ce3	21312
bin/demo/graphic/pc/p2/motion/p2_drs0007_00_ar/d200_p2_anim_c007.tranm	e1fd4d5cb32e0e1716d0ec4abf55c78f61834124b4b54dd982a2a8a89aa009e8	c906ef83bd5eceb4db0d24b796c8b41b452e685a2473ee5c7ffb1a2084d81e15	78682
bin/demo/graphic/pc/p2/motion/p2_drs0007_00_ar/d200_p2_anim_c008.tranm	088ec92c114e8dc03d69a06fc4c35774d8f4e2028daebec9dca56b8e7da6baaf	e42ec878df329f16cb54f02f84984d7b05d4b527b8e1896f29b64afbb5f75c50	56370
bin/demo/graphic/pc/p2/motion/p2_drs0007_00_ar/d200_p2_anim_c010.tranm	e028f088e120c1db0dbcef44d5e7a50ae06d4fc53e25e001cde4c7ba6b05f5d7	0f80fc0bc0001b25f339d7cb6c5ad268b3b9eb9c36206bd281475b7c82011895	27781
bin/demo/graphic/pc/p2/motion/p2_drs0007_00_ar/d210_p2_anim_01.tranm	6d5c249b6f6d6450a131563086196c2690e7b500714b5de5b781b9ae52177655	3c8204cf705179440c8c23df853c4326c249767dcb9d2452bb5331062087f8e6	66060
bin/demo/graphic/pc/p2/motion/p2_drs0007_00_ar/d210_p2_anim_02.tranm	6fcbea1e030d9ba1b2bd2c63a830bd6f2a5b49e6455f1db90f7fbd94a4783322	1fd07984d0f972148982eb5bfd60806c5d82652d874b02a64be5b52f2fc13b41	20808
bin/demo/graphic/pc/p2/motion/p2_drs0007_00_ar/d210_p2_anim_03.tranm	0f52dd050e81a17d1b7bd6b1ce0b69dd20ea1e7797b215998e3bedcbd5d34247	9debc90c33ccfad362600c326e1f3b78d1045f5893c3350d3b8ac8be2701e46c	71743
bin/demo/graphic/pc/p2/motion/p2_drs0007_00_ar/d220_p2_anim_c01-c03.tranm	2daebc4989795ec1629d8cdde92a5a3741fd6af798911c7e61415277bc4d4d0f	3909296031f933faf3f7847e6a1945ed432e34a6c2c5d4083fa557f1519cff14	34352
bin/demo/graphic/pc/p2/motion/p2_drs0007_00_ar/d220_p2_anim_c04-c09.tranm	a6fe8fcb033649c761f429392405c8cee28554a19aa5d8bd7f12eec39eea056f	aababa3540d0f60a3fa4579d5faa652fb20b0acae98ace41a307ee5e2d096353	24274
bin/demo/graphic/pc/p2/motion/p2_drs0007_00_ar/d220_p2_anim_c10-c12.tranm	3fac4cc4d26248e9c729855ed9c1d3ba5bc1354b410a2aad75f3aa764fa001ba	efc1c492880c70864beb0f553653d19d5dceb22a354868502a4d5f6dce7d4527	21326
bin/demo/graphic/pc/p2/motion/p2_drs0007_00_ar/d220_p2_anim_c13-c18.tranm	dcac347886482cc724d16d3be1792737b4f68dbe26bb25d2142ceb4faa6c4dcc	21e991337ac59195e058d0e442bdde4860c10fa524e94a48390e660080501ed2	55506
bin/demo/graphic/pc/p2/motion/p2_drs0007_00_ar/d220_p2_anim_c19-c20.tranm	7f6f04336702c172ce9e4d8275b1f05303b7f47dc020773e51f7549db496177d	cc9d96fc5f36538764933e8bcb9d4b6d65d49a4747002782ffce5eda5a9a9efc	47868
bin/demo/graphic/pc/p2/motion/p2_drs0007_00_ar/d220_p2_anim_c21-c23.tranm	5ab87acda5e2f47f1c198e76151300031a82cd0ffcad7f40da0d79a211083027	e0aa95993e01772292a07bc20036ff513d0a89e39dfa029278a1dc8b4e84af1b	48895
bin/demo/graphic/pc/p2/motion/p2_drs0007_00_ar/d230_p2_anim_c01-c04.tranm	a78526f6fa9a326c67eb2091362c86763cb2ae6d4dae19084d35ede6c0b5a143	ddec54105310722240f9a43bb396bae8b4bb143abf5cee7acae0a040353109b8	81974
bin/demo/graphic/pc/p2/motion/p2_drs0007_00_ar/d230_p2_anim_c07-c09.tranm	68fbf54552797a79596e5873653118b1a0c71ed4b81988463c512aef22e46a03	2a34af545c5b716b2bb003cb869c5b986aba8826958b33434b6415cc0b3a9712	28571
bin/demo/graphic/pc/p2/motion/p2_drs0007_00_ar/d240_p2_c002.tranm	691ef32466c4bd66ea5c8fc7d6594968e3dc5fcf843c6ff3fd8e0ad0ce0ae8b5	c5034a4fbcbdf727b9304c8b413a54fc611222e2edd6b249f7862a0712c109fe	30533
bin/demo/graphic/pc/p2/motion/p2_drs0007_00_ar/d240_p2_c004.tranm	7927a48638bf9f59734f4261c82b8776a07cee9b693f55af1330dcb391dd2d29	f09ad5d062dfe03f65886d7bd9564e5cceb08d77f1673402258b42d8ec90b632	27715
bin/demo/graphic/pc/p2/motion/p2_drs0007_00_ar/d240_p2_c005.tranm	525b8ff44eb15b1cf2ffc800c50652c919d657de0bcc8618bd82d135dad40358	9f95ec88bdd47be1196a7e30e104095ddbd49aacdb4f00238c4744d97e5770a8	31663
bin/demo/graphic/pc/p2/motion/p2_drs0007_00_ar/d240_p2_c007.tranm	192ead74166858020c8de3d0909600691591d16b33439bac5bd4d91897b9715d	5075af9b7a539831afd14c0cfe9bf558794572977735075509a9e1a70c787c0b	24267
bin/demo/graphic/pc/p2/motion/p2_drs0010_00_bandit/d020_p2_c001.tranm	895a79630fba56e8828a35a7e220379f87f55a44be22c28399482ddf0d8dbe17	0b1f7fccda85a6e13c479d4773efaa68dd60c636e116a91f52764788a3028121	33252
bin/demo/graphic/pc/p2/motion/p2_drs0010_00_bandit/d020_p2_c002.tranm	c776f5cca6a4f73e14218a6ced58c66c8f1944e248621056092d107b223d2a30	b2f3c5b5a3c917a09bd50170caa9a18d7420343862b97a1bc4718db5d685200c	27867
bin/demo/graphic/pc/p2/motion/p2_drs0010_00_bandit/d020_p2_c003.tranm	bf0b25c7ac6acacb0030374fa8e91b75556b5476ccf483b49041a8fe53d81f3d	97d0445bc143493347b0c3b54611ef9ee8ceac82a4d0cc0b5a446d8eff384292	26350
bin/demo/graphic/pc/p2/motion/p2_drs0010_00_bandit/d020_p2_c005.tranm	074e59aff6a710144e01c14c114c95440fc436a953af513a78c1ca85d71f0b9a	950f10392922be52ac9a736c9bb591c4ada81f1a85efb13687577e5842290e0f	29873
bin/demo/graphic/pc/p2/motion/p2_drs0010_00_bandit/d020_p2_c007.tranm	9d7afbf8ed8cbe996f68946477e541db4ec71390b177596bee15dc93f988c1ba	1709c8e5c536142995a98245f366470bc41dbb16c1cbe912fced13fbd26430cc	4993
bin/demo/graphic/pc/p2/motion/p2_drs0010_00_bandit/d020_p2_c008.tranm	d3265a155d4f895e1c2b7a43de519afa496724a7c9b0b5f0498d80e7c6f69f49	4434dbd1538533967ecc52046d63270bc2c0e56fa9a5b422b315da4f7d7a4390	5795
bin/demo/graphic/pc/p2/motion/p2_drs0010_00_bandit/d020_p2_c009.tranm	ed35e8705b984be98c679e3907b362a0da9ad374b5e7e9bfb3e916e9873e4b44	62ec24817b9db91ed8289fa063a35d4e311b32878ac4d4f3b00bfa6feb43264c	11715
bin/demo/graphic/pc/p2/motion/p2_drs0010_00_bandit/d020_p2_c011.tranm	a578787ac9bf5811781266504e2654e08a5f283f45325b16bb51e1bf26ba7e51	1399ec263102bbf8fd96336ca8b819f9b16caaa34d68e2c71eef37133e7098f6	6757
bin/demo/graphic/pc/p2/motion/p2_drs0010_00_bandit/d020_p2_c012.tranm	46a7ae70242ab4a3a5cc058b777d6d29507694e23e327a335ca04e55ad5fc6a8	9696c4d4c7d4081b9113504591768a8f8baade286aeda4bf69d8b17490d09206	15487
bin/demo/graphic/pc/p2/motion/p2_drs0010_00_bandit/d120_p2_anim.tranm	f850e8fdcc454561b7751b9b610a664a4de233c3b57acecdcc235862c8970826	540f7a5481d824fcd78037d3ee4dd7c6f8cb7dff9db54c05d859b48370c64a2c	73280
bin/demo/graphic/pc/p2/motion/p2_drs0010_00_bandit/d130_p2_anim01.tranm	f88e89bc7a73f211f5559445ca4cae3c35818e154d5b71906392d9c9e4e57419	bece8b6edf8e798e168f453ddf99de8ebe9e09ba60ad99ab0c7dea1ca5b6d5c8	50264
bin/demo/graphic/pc/p2/motion/p2_drs0010_00_bandit/d130_p2_anim02.tranm	cf95a3ecd8b6653ab4135760de5bcbc660bb095aaa00330fdff30a203adb2973	74ebbbdae522f18ae2d3aa365f08f39f76e8d8804e498c53e7948d19f1d0d5fa	11476
bin/demo/graphic/pc/p2/motion/p2_drs0010_00_bandit/d140_p2_anim_01.tranm	06146b12c206f4b9ed75f9591e0125a504960efed198dcffd1cd5b4d4a665c43	dcc131ccefd5e6deec380391ecad8af1e152b82ee98381ae6d86c3d69c4676d0	7700
bin/demo/graphic/pc/p2/motion/p2_drs0010_00_bandit/d140_p2_anim_02.tranm	01b7ca0472d278442e58747bc8be451e23821191be62d2a0dfe1ac2582567ab6	c483435c48924bb72e7a08669bf6c5a6a02b633f95ebe3275adbb2a9b9e1efd5	14656
bin/demo/graphic/pc/p2/motion/p2_drs0010_00_bandit/d140_p2_anim_03.tranm	c0f1674b4ded4ca288bec874baf952a2eb300906e025a0707e7e0ad91d2cabdc	7b0d7e0173a517cd49ff8895ebf5065b3f34eb57d380e0a5876bfb4c177c7f6e	31440
bin/demo/graphic/pc/p2/motion/p2_drs0010_00_bandit/d141_p2_c001_anim.tranm	2be783bbc64a94ca1d6cf7acba59cab249a0d4bd20d6bbedffe95d76bfe6ee42	d9347b282267cda7a994330572a0a1f1ca94db6d515b60bc78569b08e32333c6	25664
bin/demo/graphic/pc/p2/motion/p2_drs0010_00_bandit/d141_p2_c002_anim.tranm	2e7bc8a53791dc36c9adf19e3d0406a41a840281ae43de1306fdb0fa97409291	ce141db470d4f066d5bee646de9e40374a450c986795db1de10121683c7f5bf2	16556
bin/demo/graphic/pc/p2/motion/p2_drs0010_00_bandit/d141_p2_c004_anim.tranm	79dee10de4139b2ce91adf408bed3ab6536036c7f820064e589c556c2fdff69f	92d3b02d109efb5252c02d0273081414c02d5e6e92c8a9477028dbbd022923e1	13492
bin/demo/graphic/pc/p2/motion/p2_drs0010_00_bandit/d150_p2_anim01.tranm	3e081f9c10fe02bb3055aa9b23b121d2e68842b627d0ccbde3f62fd0d93e2690	d61b3d9bdf250036cc7e76b61a3098ed61321a65d052223e6b5c76f9c5dee1db	11312
bin/demo/graphic/pc/p2/motion/p2_drs0010_00_bandit/d150_p2_anim02.tranm	cfb8ce8c3b330c08c54450c4449782117cd4753a03617fa52ae60049010a7934	7c9fe866395ba9995f5ac4c211f9a82b2a866e5cdb2ab24d993d741a4e923746	12648
bin/demo/graphic/pc/p2/motion/p2_drs0010_00_bandit/d150_p2_anim03.tranm	a4e9c707edc86125d1c87fe425332c0760b6d555540c8df78020dac60204276f	4499fad2bb12f194e4c8eb01f65c062362932b88cb29130fec7cae19872df7d2	1639
bin/demo/graphic/pc/p2/motion/p2_drs0010_00_bandit/d150_p2_anim04.tranm	55c254ff66c95c6ecf76ba5c55ae69a99d1da51a1e32245b3e2d817e9f57adfe	9d9e746abf21563bf93f2a5210b59679d3eb7c887c8efeed29fc9975422d045b	7232
bin/demo/graphic/pc/p2/motion/p2_drs0010_00_bandit/d160_p2_c001.tranm	621664289d840c1fbc7441125e2e4a60b597c7ea5dee51d5a18f4d3e49aee794	fddcfdd6ca5b329650f9382a5689746efff31324613ccc458b36d7bd61b33d9c	12276
bin/demo/graphic/pc/p2/motion/p2_drs0010_00_bandit/d160_p2_c002.tranm	e274dec03ccd66b0a192a625784171a65214cb299cf4c6b4a0247ff542219352	ffdff1309876022fd951264473d450a9dca9720d888286b14b3ba03ded06b646	10980
bin/demo/graphic/pc/p2/motion/p2_drs0010_00_bandit/d160_p2_c003.tranm	dca5dc0a05c3fcaae0ecf4f0e3beed6656c152651e13deb2e06455aac3bb7488	d05c4c6009311321d3341689176a2a660b3429abafc70361ca436278cab9d0cc	8746
bin/demo/graphic/pc/p2/motion/p2_drs0010_00_bandit/d160_p2_c004.tranm	bfb52950709f1a222ef18b0fbec23edd668a9a1c488e35631f8b948535f8a20d	ad6b6c429b431d648db2b49285c41bec4afd989db39992479b2f8522d5565991	35488
bin/demo/graphic/pc/p2/motion/p2_drs0010_00_bandit/d160_p2_c005.tranm	40ff1873b19e382a5ec97c2a86a684f94ad20dbe34db9f2f0830abfaa4febf86	6b9b4bdd2b06dc03f2bda43b905516e52c7c131c738e4d1ae16a8542d0dde482	16932
bin/demo/graphic/pc/p2/motion/p2_drs0010_00_bandit/d160_p2_c006.tranm	ba1226e41cea3f1c0efab9e47b5505c456d692da2863a1a1344a39a919df59b6	78179b2297fe73920d9d75c6cf3870afefa562069a7eb612e87fa67e85d543ef	15908
bin/demo/graphic/pc/p2/motion/p2_drs0010_00_bandit/d160_p2_c007.tranm	9ef7ad26b31e470fb880eed07f08cdf464b41c890d58d29aec7de97b724936ee	41d136532f256ddf6a67a1f77033029b6ee371cf4d806d8b8f5bd6dfc3eb3d41	20756
bin/demo/graphic/pc/p2/motion/p2_drs0010_00_bandit/d160_p2_c008.tranm	d7277d6d463412030f6a3da5d887c5d3c87e8beeb40dc54117825e416c40773e	6aa84a420a9f0fb0ce6900d6cee7addb1de50ad8f0f3dccaef78b3f949e43763	47788
bin/demo/graphic/pc/p2/motion/p2_drs0010_00_bandit/d170_p2_c001.tranm	ad3afc5d145ede3ab22a967972601b4c2def5acfbf9b4f61b209e54912de4d0f	2d8076c426a47b7dc9edfcaf0a7b09b8878527f96224bde7da8b3d5dd21e4869	5539
bin/demo/graphic/pc/p2/motion/p2_drs0010_00_bandit/d170_p2_c002.tranm	4147a8616b42023684b5c20c323b7a08f2097134ed2f44654513c41c0aa03914	07e938ef4ffd20be5f740cecd2dea548730af1eb067fc9bb998c8a42e5b63c14	16772
bin/demo/graphic/pc/p2/motion/p2_drs0010_00_bandit/d170_p2_c003.tranm	6389aea9fe73759debdd4b9a7ab788353fe474ef64d96f9d5cea4a37c66b82cf	51f8facb5f464eac43729a5d247427a3fa2cbd656db1db459b448070408218d6	14421
bin/demo/graphic/pc/p2/motion/p2_drs0010_00_bandit/d170_p2_c004.tranm	40bd18386573442b541d1795d98a7d077c7b34f0a84a6885821f81b3e6262769	3aee6c1aaebaa9afb46747d1b35a8d46592ca73cd2252393636d9d0497cbf97d	8264
bin/demo/graphic/pc/p2/motion/p2_drs0010_00_bandit/d173-175_p2_c004.tranm	37660b35b52390aae162f58f58a0e33a1bddf03c166fed98b7c2f7cf80a623f2	3aee6c1aaebaa9afb46747d1b35a8d46592ca73cd2252393636d9d0497cbf97d	8264
bin/demo/graphic/pc/p2/motion/p2_drs0010_00_bandit/d176_p2_c001.tranm	669d453d51cc93b0b138f9fa7d02c521ce56bedcc0cdec1c533a96e3005c7c00	110ad834d416ca2c7969cc389808104b61a91366e262026776a434fcf6e820d8	8880
bin/demo/graphic/pc/p2/motion/p2_drs0010_00_bandit/d176_p2_c002.tranm	7ce3d3ef3f4fa1db232e4540a6b006777728c521645332d212c4e82a77d65070	4ec2e187ff5c085746cf6c41648e93ee63abfc2ffcce3230243f62eecf67b099	17448
bin/demo/graphic/pc/p2/motion/p2_drs0010_00_bandit/d176_p2_c003.tranm	9afd087afe62fe840ed2a388d8ade23d52db3e6dcacbf664d4aa9c8b11f84b8f	5d39e5fb418a95d8265a2e8a6acbb311f8840c42b3570af6834a8f3ec5078577	16021
bin/demo/graphic/pc/p2/motion/p2_drs0010_00_bandit/d176_p2_c004.tranm	fa74ddf05f26a94a2e0a01c4eb9ebd79deaf9612b1ac7fdc0c0f9ea9ec780933	ed6ecc52f0cb100294a2851f2bc73748579c9408f4d6822ede4096843c9c1fba	8136
bin/demo/graphic/pc/p2/motion/p2_drs0010_00_bandit/d200_p2_anim_c004.tranm	e2187767ce226c98558a760d85a6b0601c45437b60c17bc9d29646b19623af28	0d89cec1d4d9f9ba2247a5a5f1a9cd2918d4e7828e35e9bbff2c2b0eee8e966c	41940
bin/demo/graphic/pc/p2/motion/p2_drs0010_00_bandit/d200_p2_anim_c005.tranm	877d1f40ee8c8dd4cba3460c53c2c6bd67b9e2d9e90a3724fe3923ec28defc28	ec67f10ba621aa171ec0d4eb68140c6e0312b21daae6e58d5d72ba359af3998d	45392
bin/demo/graphic/pc/p2/motion/p2_drs0010_00_bandit/d200_p2_anim_c006.tranm	381396392e07799d6ba86b307564229ceb849b5efd55b549051e5414b4d5ccc8	c4ba8c7bef9c57d34eb2ea21f7b51994f3ccd3fc1972812362798059a5339ce3	21312
bin/demo/graphic/pc/p2/motion/p2_drs0010_00_bandit/d200_p2_anim_c007.tranm	9488047f7ed3104b3495335250a6d8da70b85e72e778d097489df612157f1c8e	b4ccb308455c6cdedc1f15f6aace7041bed497953eb01a82c7ef150f8d993b88	51836
bin/demo/graphic/pc/p2/motion/p2_drs0010_00_bandit/d200_p2_anim_c008.tranm	1b113e05dec5fa19a01a0a45592be253421fcc0b2a42a450a7416875c8040359	1f400aae6cd39954ffd1cdb10e6c6f997359e966716695d6992fbbb5d5b9e352	34984
bin/demo/graphic/pc/p2/motion/p2_drs0010_00_bandit/d200_p2_anim_c010.tranm	15ad6af83897482161bcd291cd2409b2174f84ae4f5cc6d664ffe4f4c06e4479	745b8c42db2481f7399c7fdd74046266831b14a78bcc596138faa1148c45d7ef	17272
bin/demo/graphic/pc/p2/motion/p2_drs0010_00_bandit/d210_p2_anim_01.tranm	7011c297105f871c95f8b6f8b5ffe776b7778771683a102b297bca6d7eea1409	8c6874814d443e7e572e17f89994515a5a0b63cdf82b9e22858efed5178a7c61	43576
bin/demo/graphic/pc/p2/motion/p2_drs0010_00_bandit/d210_p2_anim_02.tranm	47d0a4cb772c2139856aa630b93f33df1d933276920a21b7bfcdc1cb2b18696d	f239d4ca860bdbdc6c4117e8f476bca59b8750c08be5d0e70b8ff9ce16f87c63	14352
bin/demo/graphic/pc/p2/motion/p2_drs0010_00_bandit/d210_p2_anim_03.tranm	42ed8b623bceded0a075242546ee0892432426447e8ac760ea68c7dd7fca268a	2ae9f43314bef96d834c383dcc3446161459c51fbc1f0f8b6c479db6dc2c0d64	51456
bin/demo/graphic/pc/p2/motion/p2_drs0010_00_bandit/d220_p2_anim_c01-c03.tranm	4f1d650294e1e6d3700a5a0b7a84aa69d0990482027ed5f0316b259ff7a530b5	bf8728cf959993f6b516ec87ceec8d4958865cbd31cdf6ec95352b2a3059bb10	17456
bin/demo/graphic/pc/p2/motion/p2_drs0010_00_bandit/d220_p2_anim_c04-c09.tranm	24a77900c7f5bd07542d8c86fa44921c4205a943da2b7b296af3e556289d6b34	09cc05f3d59fe16840bea98aa80582299cae6a6ffedbc999661268f2ab588e40	28234
bin/demo/graphic/pc/p2/motion/p2_drs0010_00_bandit/d220_p2_anim_c10-c12.tranm	c94f6b4cfdb8167a74001443a93ce700450acb056fc7c1edf89817d1e95595b9	be5dcbedee5fa66a8a76d15f1b78e25574be02743398bb761fe673ce43fc4087	11586
bin/demo/graphic/pc/p2/motion/p2_drs0010_00_bandit/d220_p2_anim_c13-c18.tranm	dbe7b88572fbbdf6506b1a1c5a10c9a35a9ea4e8ab03ed4168ba3ce46448f8b2	07907c3d269ffbce73934b13d28b9352e73e7f5efe46bb088e7482efd6e034f4	31854
bin/demo/graphic/pc/p2/motion/p2_drs0010_00_bandit/d220_p2_anim_c19-c20.tranm	ead1333bb5d05762ac88ee2fe9398a78465ab634589958ca9364be86a09e73fa	400c2e0b884dfdf5183f6365b2a5994984366c84f711a51cd64308f7a2de146d	28896
bin/demo/graphic/pc/p2/motion/p2_drs0010_00_bandit/d220_p2_anim_c21-c23.tranm	23c88c5abf764e67e351c27d47fad2e064938a38d2180d74039faf1ce2125144	0458c737924fa73e1cd57a820886bc516dd3d2fca68716ab78fcc54827eb4e11	23550
bin/demo/graphic/pc/p2/motion/p2_drs0010_00_bandit/d230_p2_anim_c01-c04.tranm	c61189cf97bb25795ed60b59c027d9e375dbf5a9612e076211804bc7ba3450cd	9773c00e3d1bb8f012ffe1d25aa6b8bacb1e4c0a7ee380c2d628aa75fdb54158	51794
bin/demo/graphic/pc/p2/motion/p2_drs0010_00_bandit/d230_p2_anim_c07-c09.tranm	f89f112a252e69854215199875c10034db6a40a6ee974774892d12319849c1bd	d66608a03ec79a935decbda472c12cbedfb5b6de85ce673352e1ed4aba5fbdf4	15658
bin/demo/graphic/pc/p2/motion/p2_drs0010_00_bandit/d240_p2_c002.tranm	c25849e683f86e30d7ad6b0592b7a3b413289cc280c4db3438e644e258e8cba2	9a509d87910bdf56d8fab3e7be63fd3f179c5324ba6211342a20aed55e2c39d5	26864
bin/demo/graphic/pc/p2/motion/p2_drs0010_00_bandit/d240_p2_c004.tranm	6d9a9f96b5659b0a9a710dc1f9f364dabbcbfdb07417a7e272c6246e81d0b4d6	0a8c43b757a2a1d9397621f503c72e14ab54f9096c588c67ae8d4a99bec7d66f	14696
bin/demo/graphic/pc/p2/motion/p2_drs0010_00_bandit/d240_p2_c005.tranm	66c29969d9859d8ee322c35469c49ee0086c8065cca216450f2d504d81706d4b	28161488e56b2848a9bef94e252512a9fc3514cd6a619c0d24a449ecaafe56e1	39080
bin/demo/graphic/pc/p2/motion/p2_drs0010_00_bandit/d240_p2_c007.tranm	ed830e6a99dd224e78da4caadb07839fb2282bfad43b2cf7265d6cab8c471139	af43819c3c67e15a2ea9ed4dd4d9d5d07029dbf1f93ce3bd58f8b74ad3c7450d	12516
bin/demo/graphic/pc/p2/motion/p2_face0001_00_default/d020_p2_c001.tranm	f9987b79553bdf7161d10f350e9ca84c1ecb648411c4bbb8f85d7b72a0d09553	33123ef9cd578f040a401c6def6bbc49d7be14cc0e16bc812459819fdb8617b5	110082
bin/demo/graphic/pc/p2/motion/p2_face0001_00_default/d020_p2_c002.tranm	610b3ff61a93d2642d849e437ff8edfc55e5f2b0b1300fdcdfda6d3ae1f73e2c	9c3bacb0f589a4b21cfe325b45d789bf409071ec982d98b98e8a0ccc5dccfdb5	57422
bin/demo/graphic/pc/p2/motion/p2_face0001_00_default/d020_p2_c003.tranm	4829744c70feb913fab7179db6bff30d93a66a23f402371d4719e6bea98f0ff9	0cbb13bcbc1526124936db112e33e1eacebebecd15f6f5860d2bde9fb37b01ff	45174
bin/demo/graphic/pc/p2/motion/p2_face0001_00_default/d020_p2_c005.tranm	1a40f67d186cca6c98c561efd5134b7aa421a37f0228129d48ecc22c832af205	7d5a48d65dcaa8825dbdc3b02a31904662a8e05c7dca50704868cb58750f2eba	87458
bin/demo/graphic/pc/p2/motion/p2_face0001_00_default/d020_p2_c007.tranm	752a962c250c0558c985e6c779aeecc4d4382b7d0b1745044c5f74bbfa5b975c	d6d9c79cc282e72131f4f6efa18961f6804e481af7ef7d584ce2f8fb40cad34a	32268
bin/demo/graphic/pc/p2/motion/p2_face0001_00_default/d020_p2_c008.tranm	ca4161c1695120a21827293a9de2990e3263f71bfe35f49d25681f7eae97e469	94e05c0a561663d35e1cfb189ca025fb3766e3e2489d32b5bce25f06815aecb9	3927
bin/demo/graphic/pc/p2/motion/p2_face0001_00_default/d020_p2_c009.tranm	bbecd96c63f626c5951ecb8d8df875c75fe55be8c57cca7e7b0a47f5c1bc45a6	eec1c89413739c780cc331716577384859e9a95d78ec72524123c4a6d38330d4	33708
bin/demo/graphic/pc/p2/motion/p2_face0001_00_default/d020_p2_c011.tranm	e875e2b25381d4f2d5b5a9f7e9cb5cc26656c180a177369979c1f61ee10824d2	7da9076b5a58b61b5d8e9d6069758e1ba09baba8484d81ed8fae0c66835cf241	36662
bin/demo/graphic/pc/p2/motion/p2_face0001_00_default/d020_p2_c012.tranm	2116f81855beb2d7033a42e9e289b18b735c8a2a540111258b2a9f61af443d78	75c775b790f5bfd5258b618be806adad3fcf1840a70c40c16fab99a3a078617e	12675
bin/demo/graphic/pc/p2/motion/p2_face0001_00_default/d120_p2_anim.tranm	396df149e06b5a06169be76fc14297e071d03a77d6c8ea06cab16f45993a6156	a9a47a67fa9b344ef90467c8dd2f52970d999a53b08652953c264d0fae99ce62	113883
bin/demo/graphic/pc/p2/motion/p2_face0001_00_default/d130_p2_anim01.tranm	96d22d6fe189c7e7da8a5cb0c1e905c6f43462a52998426a68b0efeb7ee0ea77	273252eac42adcc26ea7fc1699f8b56dd63827de7adfe9c9c82759f7707924f6	67076
bin/demo/graphic/pc/p2/motion/p2_face0001_00_default/d130_p2_anim02.tranm	31f8dfb764e0aee536e0d691ef9b90e8c4379c9ff7dc7f016c0fa5d514e81ae3	26914d98c1e4540153d7572133fe5be902300fa94b760cde45ea2bd37e39d128	21560
bin/demo/graphic/pc/p2/motion/p2_face0001_00_default/d140_p2_anim_01.tranm	26bb863de43b2dca9117396c3801591b7197ffe722f48b7c9e74f7bda5ef95ef	c951388dc592aa9f406aa0a6c74a43619c86f8a312b6861b2231961f91a1c0a9	29872
bin/demo/graphic/pc/p2/motion/p2_face0001_00_default/d140_p2_anim_02.tranm	f91474d03423709d07f6049b02fdcfec184729f90ca90d8dc167e61501b6e25a	d6d0cd809f79e0b34bc9f0b495fe9ec7913c5dc0263e666ad02bffed15a84acb	42672
bin/demo/graphic/pc/p2/motion/p2_face0001_00_default/d140_p2_anim_03.tranm	9f0db895e6f8b5578ef30fefd8b52bb1742bdfccfd28453ad03b65c17ded5124	029cab0f580f29ee78b6c00cbac40a4747a8f5d8bbe4544a49de1557603b1c6a	51834
bin/demo/graphic/pc/p2/motion/p2_face0001_00_default/d141_p2_c001_anim.tranm	13ac52a70108808c949914092b1bf3f22f7b4a6cfd116c317aeed7a602f48a37	58a49ec59fba27ac85ed6f7921a0e38792af36a3a13918c532a50b2bd12e1811	22269
bin/demo/graphic/pc/p2/motion/p2_face0001_00_default/d141_p2_c002_anim.tranm	61d8f27db43cdb510ebf815083108424276bae9aa079ebeeaca5dffe5e5dc15b	cac3b98ba6d0af091dcd02fc1acb008adb6f513034ba1114fae17a761dfdeefc	10051
bin/demo/graphic/pc/p2/motion/p2_face0001_00_default/d141_p2_c004_anim.tranm	f2ba5a06ebb416bfe40186955bad2129b051cbea4fdd8ac23c264ce76b9b1c37	bde8ec128223c5c9191fe99e27d71be7a7d31eaa234fadfdddea9b5d83a5f54f	3223
bin/demo/graphic/pc/p2/motion/p2_face0001_00_default/d150_p2_anim01.tranm	28a7188527d8e49afc1dbaeb45ca34496913365b0dabd4f11f1574bd38c6e6d1	3c2d62a01085ca3161d590dd7aad570daca5736ba9f78994cc217df63c394556	4394
bin/demo/graphic/pc/p2/motion/p2_face0001_00_default/d150_p2_anim02.tranm	c3916d2262afe13025bde0ba305f50cb495610afeaa6ef96a5affa7995059d85	2b1a77acb71b2ac0a1f387d5c6593bcb28be00aad2c2a777152102c718b63ace	23348
bin/demo/graphic/pc/p2/motion/p2_face0001_00_default/d150_p2_anim03.tranm	732446bac401d685cb398944be2a0cf4dea8bae79620c8b9d716b945e2842ab7	ae73c8a4230b3f0e3fa8cbe4ce2e563e0804ea240a92298528ab11ff3b25b787	779
bin/demo/graphic/pc/p2/motion/p2_face0001_00_default/d150_p2_anim04.tranm	e0b6d5d6d21fec27e5af8eb77a72e5c1d5cb585f90c4fdb1550244a8e040f746	51ecfa7500dcb73bafccdedcbf6b69f6defbb226383d02da526f153cd68f5854	32044
bin/demo/graphic/pc/p2/motion/p2_face0001_00_default/d160_p2_c001.tranm	e1ac8fda8c53c5ec2481b4f385b6419e8c2e5ff4b76bf5b68aecb3deb0552990	633089825451fcffe98e72e64d36810a20fa0c94d32c90c7578feda6276c9bf5	1671
bin/demo/graphic/pc/p2/motion/p2_face0001_00_default/d160_p2_c002.tranm	acbaa76a815483f9e56bc6277823e09cc765553c30e31e124a4a78e7fe582c9c	c581de82f7ad3a547f0c83f502579fd1b967b8d9cb7cfedb2e0853f2ee09427d	26506
bin/demo/graphic/pc/p2/motion/p2_face0001_00_default/d160_p2_c003.tranm	8bc562ea84f30d4bd5ba342c12c89e9e3503d475b59bc06bf7e85dcda0b76c3e	d16cf29a655d51bdd5d062962bc6db81754d93158cbe180cea6227b177c98275	2361
bin/demo/graphic/pc/p2/motion/p2_face0001_00_default/d160_p2_c004.tranm	7f809a329248e66934097647393d307faf3dfefede6f910b03b2a9fd93cb37d1	0dc48b4073560f4202adab5a8d48fbbaeecb03c9551a26d6096638077a4fc397	53754
bin/demo/graphic/pc/p2/motion/p2_face0001_00_default/d160_p2_c005.tranm	071d71853738953bb098ffd0254f9c42fe74cc1c7616fe38464971480d13fbcd	b885aafe608d3912a0aed545bbd346e6a9eea9d68b9af48af26067cfd9f5e211	38658
bin/demo/graphic/pc/p2/motion/p2_face0001_00_default/d160_p2_c006.tranm	c51cf25fac15de1801cc0cddcd02106feb2cd780e4e7da04e40e2a999c09496f	486afbc871344605a50c0545073af9106ae86be2a33aa92cb7fe0af6609319cd	1607
bin/demo/graphic/pc/p2/motion/p2_face0001_00_default/d160_p2_c007.tranm	873b478ad6cae2226eeaf1ddd492751c456434381f5acea4d70a7596f67f5e11	44fd29462fcd153607f014f6fa0ddf11311ac9a2bb44f331445194a4b4cb0d83	2537
bin/demo/graphic/pc/p2/motion/p2_face0001_00_default/d160_p2_c008.tranm	1cabb9bf9d7832af352e7da0c2087f03c5e42440d0fa79d885d1f7b63533972e	91b8c2eede4e1866bb8e36054373ceb8386be2b986121572976a200e3b60774b	9047
bin/demo/graphic/pc/p2/motion/p2_face0001_00_default/d170_p2_c001.tranm	f772a85b02c77fab033f67c4f2acff897698cf97204bd941eba3ac2c0af62d67	f311c255e404e10f21ae4cb8e6d3be89f9f835ee3bc7bf10a107af0f34efc811	19919
bin/demo/graphic/pc/p2/motion/p2_face0001_00_default/d170_p2_c002.tranm	d3fc5761eef44f40cd484fcbeb489208586d30a5450b31f5105c7291e634a29d	ad79fa827e02be929e6ec6511efdd4c36778ad9f27918763f45f7e7da511521e	26164
bin/demo/graphic/pc/p2/motion/p2_face0001_00_default/d170_p2_c003.tranm	792eaba02f83318badcdafa6eedd62064efb11876fa6b68894e8dfc2a0519ee8	feae9a7cb7b02f1ba670e3a8780897b1b56a9494522b789fc55b21d29975dd78	3517
bin/demo/graphic/pc/p2/motion/p2_face0001_00_default/d170_p2_c004.tranm	7203f94b997fbb76fd841c20b622bd039b98466753988c83f8e282f9b54c430c	79fb1ac8f4712edda194860aa6c9b347d3830f27c00444d6782452e6abe456d6	34065
bin/demo/graphic/pc/p2/motion/p2_face0001_00_default/d173-175_p2_c004.tranm	df151f887abcec388dbd59db3b6c419105f7fe74a8e7301d4dce1e90c6a98a85	4efd7b7adaedcb008518093fa49bbc4b3cc662e439ea266d99ef081aa6f409c2	28174
bin/demo/graphic/pc/p2/motion/p2_face0001_00_default/d176_p2_c001.tranm	fcbdc74601f18afe9711e0d1c91eb637c33c1f9f81fa98350dc55cf6d07c77ca	5edf13384e48847941b42eecefd2513f3bf9f5820cdef0f65ce69298460cdf0c	20335
bin/demo/graphic/pc/p2/motion/p2_face0001_00_default/d176_p2_c002.tranm	d329f8cfda0cc77fb11576d5753157368ead8df6bee624293e4568e59eb89bec	7a19f34f5477fbb169a428dd6e5de0cac4304a7add135493af15f92c7216842d	33494
bin/demo/graphic/pc/p2/motion/p2_face0001_00_default/d176_p2_c003.tranm	a59f282cbdb0c4be81417f0ca6e36ba4f7e606228651d80a21f313d2a71c77c9	2f16c5fe210500b258d93aa096f6fc47f0c860ba8c17bdf56399a264cc6a1158	3425
bin/demo/graphic/pc/p2/motion/p2_face0001_00_default/d176_p2_c004.tranm	2567f0053a3193e26fe2b6594c5b7148d5cb8e6624a8cde97eb3a20ff8b70f8a	6e75c9a180300c6713d8a63c781838abb85ecab6fb382bddcefa62d9b31759b8	26895
bin/demo/graphic/pc/p2/motion/p2_face0001_00_default/d200_p2_anim_c004.tranm	3b56412d3aee5361488c8918f1936f3eb8869f871f3ce53bd995ceaffab3ee04	7bd5d8686b280664079b201d268084446cb519a24e5cdbb721e7b753ec70f999	84540
bin/demo/graphic/pc/p2/motion/p2_face0001_00_default/d200_p2_anim_c005.tranm	54c33e792a0216f0760e171ed76a85f33f4ca025aadbe082ce4e7a4fc02f6ec7	1b84c5008283e650ad70ce62aa3262f526b2dc9d21d695defc0bd42242153100	9920
bin/demo/graphic/pc/p2/motion/p2_face0001_00_default/d200_p2_anim_c006.tranm	22a404b2b490ba62235d8b6ac440e2ec46c9e73fa420dc68b448eec54204ee0f	d415b700037eb16f96b6100710b5f850d0c30c32e280a5ea5c46652cab98110d	1486
bin/demo/graphic/pc/p2/motion/p2_face0001_00_default/d200_p2_anim_c007.tranm	37c667413dd067d46dca16b944685c4cd98e6a745f03ff0980fded33de3aa306	b6efdd2550ae18791cb10c37ed1afcf7d29b344f0a5fc54ecbdf51826934a7e2	81676
bin/demo/graphic/pc/p2/motion/p2_face0001_00_default/d200_p2_anim_c008.tranm	95e32883c999d708fe425f1d3a7c93e1bb6fa63bebac0a5181014782cbba9c29	5cd7817654eb9d8c52439774fcdac1b129c8183d9858674cf34d4266f0d7f3b2	6666
bin/demo/graphic/pc/p2/motion/p2_face0001_00_default/d200_p2_anim_c010.tranm	3b9c0445d11a7b0513e40bb04eff30312425fe4b6115d940f8473731aff56415	81c6e477b6edacc914706b29330225aec7e1fd262dcdcddd8553183d74a00858	2741
bin/demo/graphic/pc/p2/motion/p2_face0001_00_default/d210_p2_anim_01.tranm	76a175d17d75b0d78734829edeeb36186623fadbe9a9469cb8e2261e635ff969	69a5609854b5c338be3a30a4f463c9e588e1a78eed28ac5431d9f1c4d4882f71	65972
bin/demo/graphic/pc/p2/motion/p2_face0001_00_default/d210_p2_anim_02.tranm	7396893832326af75d428e9683505d28f369dc015f314ad6edc11625be582338	4e595be0ea218e57061963a487e0adbfa37f71f4abe8c80d6943848dc45cb703	16840
bin/demo/graphic/pc/p2/motion/p2_face0001_00_default/d210_p2_anim_03.tranm	32f66bee93629bce6c3ea8f319fe3905c5450bffd75ee5b756d84bc166050cf5	68e9a036aa9fb4699aa9bc92baaf786f6b7490c84a7f42009af6b7398858c41c	60212
bin/demo/graphic/pc/p2/motion/p2_face0001_00_default/d220_p2_anim_c01-c03.tranm	b394fae94193619c5f0e7b7c7b0951970747e8798b7e165a97f537aab906b582	9e51f314e2baa73d11e7bf30a0ec0de0dae174b9f7d5be52dc02de0432558250	52416
bin/demo/graphic/pc/p2/motion/p2_face0001_00_default/d220_p2_anim_c04-c09.tranm	eebdf31f6ebc2846d67880c5596371dde65b6613517a523c2cfea14a1f6d2466	9d6609719d56aa43f330bc88b958ef368cbafb8333641acd5d0974cad4fed75e	36470
bin/demo/graphic/pc/p2/motion/p2_face0001_00_default/d220_p2_anim_c10-c12.tranm	9211be3a280dd2280c61257322b70962d74c63e91341f99dcf397ebb6f8df09a	b653ec7c2d633454e491f0a34da2eb41750da546c0cda53e998e65ce5740ee64	4994
bin/demo/graphic/pc/p2/motion/p2_face0001_00_default/d220_p2_anim_c13-c18.tranm	1fb6282f1243d8b995f598c9b2f48a0b907593202c6319f36a76a7d3f24881c6	1cf2003aed3645d8c31467b3d0c3df935b4ce31d1c3452d66d8dfccc2a7e4771	162708
bin/demo/graphic/pc/p2/motion/p2_face0001_00_default/d220_p2_anim_c19-c20.tranm	580d3a9b5dca34e57cc1fe1aa6fe961897ce649259fce6aeea0623b16777901c	43b3e6e4e85e51e48c05b3c8e986c2499fbdd6d5bddf81355c08329f08ecf25a	55272
bin/demo/graphic/pc/p2/motion/p2_face0001_00_default/d220_p2_anim_c21-c23.tranm	ab8d81d3ce7f3ba07443955013b081a5a019648e1c94aa25150d9688138d8ef1	dd27a305fc1c08b032310a87b6098e4ee1c4d6c8623d0c93e3f270cc5e3ab0c9	75031
bin/demo/graphic/pc/p2/motion/p2_face0001_00_default/d230_p2_anim_c01-c04.tranm	4ccee51e45da4604d3353d9ed20644ad78afa51bfc877138efd15a790f71efc7	bb111e0ea2968992ea9ca59175b0a382a5fa2968fa3b7c17f3d9f933acc7b123	109508
bin/demo/graphic/pc/p2/motion/p2_face0001_00_default/d230_p2_anim_c07-c09.tranm	d238115ebcbcbaa220e765127415f191c43a12d0792420cef988da31c8ac1d4b	ee70693fe75cc6f7e9b6f74984b66507f65c5b8bbf8ac3cc57288f2bb0a03372	45001
bin/demo/graphic/pc/p2/motion/p2_face0001_00_default/d240_p2_c002.tranm	481b3c48e9e98a23eca8a9b0a08a0ddf762f27216b3f4d492812369c4d29a6c3	2dfa23d9b8e89ef6627bf470fbbaa3bca176ff1c54206868296d71af120a2fb6	8993
bin/demo/graphic/pc/p2/motion/p2_face0001_00_default/d240_p2_c004.tranm	a8e55caee8a4ef706afe8fe07278fc88ee72cde141c7a7350c44bc80ad51fc63	9769ed28a0e2ff73633a6b6193a20bb3813bbc9d035074398636b9c9df0d686f	30644
bin/demo/graphic/pc/p2/motion/p2_face0001_00_default/d240_p2_c005.tranm	b30395277dd08a5efbf1b41cd734c7a1a6288e03ecfbac3718cc36df34239a9b	d2e70ce2dba0a0154bc1e16d443463f26e49fa7734a87e462320ad1a65cf12ff	3819
bin/demo/graphic/pc/p2/motion/p2_face0001_00_default/d240_p2_c007.tranm	bcd0742912af24ffb55c055096e22bc724ec452f1c3a1c3f5f5552011fc0850f	fd9ee8248817b79034958a842d1d2f628e25a32896aab2cabf73b638c1f6b3bb	27202
bin/demo/graphic/pc/p2/motion/p2_hdw0005_00_headband/d020_p2_c001.tranm	a5ad35b7a34c441d199f20ec65db5d3e4634ae66af4278b5bf85a51fc3c6cb33	ce4413213ebe928170c07bf2395a5094a5fb63dbba5765ffa5edf5ce2a2149f4	16252
bin/demo/graphic/pc/p2/motion/p2_hdw0005_00_headband/d020_p2_c002.tranm	e3f1322284bd86a041011daa3875e6dd50df1434c6747ff1487e8aeafb53936e	48f5afe861d3e245b520b8b4ecddec83b3c4ec6f0f567bcaaf964ab1e5169bfc	10976
bin/demo/graphic/pc/p2/motion/p2_hdw0005_00_headband/d020_p2_c003.tranm	bc80181e69f906f4bd50acb24fb8ebf557d16289e7731eceb733823d6adcd0c3	da81e87b2aeca81adf90e58e6b4e1c4226225203badb471a6168b727bc41ce15	10456
bin/demo/graphic/pc/p2/motion/p2_hdw0005_00_headband/d020_p2_c005.tranm	52e0d3b76a8ec20199415ffbe1be8c765c0d9f9b1e2c4366999dd73054d482b3	b56e40667c0048ccb8369d5a8cd51af82145d834f598d6f00a394430145fb0c7	14596
bin/demo/graphic/pc/p2/motion/p2_hdw0005_00_headband/d020_p2_c007.tranm	fe829d687d4925caaf8754f79a3586410701f44bbe0044c4a9b7c669a719e674	602de40549b9c388df6ad294adecdec2601894e6d7a51f344ac34496ec8f8636	3652
bin/demo/graphic/pc/p2/motion/p2_hdw0005_00_headband/d020_p2_c008.tranm	980c3b7cf4fac45089290be467716fa9af0c7513e42f773424db5a506a8a1886	f8e2fa9b31062fe8215dd7959e5cef4769276e1c2c69e5e5f1c28a38d6b707ea	4228
bin/demo/graphic/pc/p2/motion/p2_hdw0005_00_headband/d020_p2_c009.tranm	f209636a744693b10b95bfaa469b40d3702df2d255f1a64da0124c342d7bf14a	5a724f915d83b6763d99a46f104d9dcc99303b5f7e69c74a043b0aeb42b89d5c	8080
bin/demo/graphic/pc/p2/motion/p2_hdw0005_00_headband/d020_p2_c011.tranm	5e3a53d6668240c6083a20d4baa5b87c64e8c4bb10c516b0b93580ecb66e37b4	49c29383ac8a793099cc662c22a2b3baa8fccad4039e6e8cf2140fe6c5a90088	4308
bin/demo/graphic/pc/p2/motion/p2_hdw0005_00_headband/d020_p2_c012.tranm	a793a3082e980fd441d3bf04fcc4019765ab1d02d67d44623c5228d27fc7db6f	d4988f52268a7bf85f82b05d1766b441bee6a2690417cbb27367972ade134d1b	13156
bin/demo/graphic/pc/p2/motion/p2_hdw0005_00_headband/d120_p2_anim.tranm	745f9b938cc288be34a28ee9cbca0c47c4633f81a90b9843dcd135fd09d591f3	6c8a5691b06fa3b2d86637287228912067b0cfaf71ecc2f032bda778986e0292	53493
bin/demo/graphic/pc/p2/motion/p2_hdw0005_00_headband/d130_p2_anim01.tranm	1a2d794e3d2129d67b1f57be30136a0f27e5b54fb47a660f1c424d0d3d9e7177	a0506bf2ccdcabeaa2121bbbcce4d9d5ead2ab4d409aed8953099bfba35be237	42050
bin/demo/graphic/pc/p2/motion/p2_hdw0005_00_headband/d130_p2_anim02.tranm	4917d97677d93324ad7e33d8f543ae4c77217afcf5bbd553f69dca62b353fed7	f02c2c87dacf692df54b2a925ab73d11f1db9ec335495f769371932c2fd6c4e0	4568
bin/demo/graphic/pc/p2/motion/p2_hdw0005_00_headband/d140_p2_anim_01.tranm	596d600f184a1bee830e6e1e41eb533a249d5f36f72ae2562de7fd343b9f0432	e98f922b7a254b405ea526d08aa610b59018b4da4ebfdca8a66ffcfcd319f7b7	5808
bin/demo/graphic/pc/p2/motion/p2_hdw0005_00_headband/d140_p2_anim_02.tranm	62782a4cd29100172c70d629117f58158d898c44c2bbea655e1f67921b3d36d5	a5b684764d5c777a7d18faef4b697fb06585c0c52aa95b6af5600703843b1ca8	7968
bin/demo/graphic/pc/p2/motion/p2_hdw0005_00_headband/d140_p2_anim_03.tranm	60254635cfa6955addd80da0214ff6fe3da90d29bfbac250d7182b6898fdc56d	df8baa9390b087f6a5833c496cd7f49a260ebf3612c8cee42c0f1d585b215e62	22318
bin/demo/graphic/pc/p2/motion/p2_hdw0005_00_headband/d141_p2_c001_anim.tranm	7211d9e195dc555df5f5a49f8b22434b1367eb2a25db6b4c77f07e15d0eec44d	6a4fe4138c9945f1600c707a3f81aff9e7eb8adc05227ac4bb28963d2fa8b6b6	15479
bin/demo/graphic/pc/p2/motion/p2_hdw0005_00_headband/d141_p2_c002_anim.tranm	8eb28285bc1933ce36d899436269e3fe9a60a19ab1e364ad3c69de89392ad23e	f199fa19c999689ebef23a2713ba761e955429210d561b7130abc76e2b265235	16743
bin/demo/graphic/pc/p2/motion/p2_hdw0005_00_headband/d141_p2_c004_anim.tranm	5267d3f6521cab35bfc42f5b6ad1e467012c6b2b081f4c507b76066894729c70	f7750199d6294374bcc136b9d5d82dfe75461f528931a99fcb4df07deedfd484	9953
bin/demo/graphic/pc/p2/motion/p2_hdw0005_00_headband/d150_p2_anim01.tranm	fcd72de8c5932da05e043c17347481a44fcaaabe3ef358ec1f4714fe33d13d5e	1b6e0b2c13880a72015754e285ec9712f1b34a41945f2fa0ecb00caa45c6125e	9030
bin/demo/graphic/pc/p2/motion/p2_hdw0005_00_headband/d150_p2_anim02.tranm	c07d0d16bb7ceb2aeb4b7f1fe7e0e644982d720e429ac4c0470b913d06f77d48	6a1956e26b1588040c3ac9bfb40dde42356f0185450a85955974e7cc11fb10bd	12264
bin/demo/graphic/pc/p2/motion/p2_hdw0005_00_headband/d150_p2_anim03.tranm	c2e7325ec6152b12eaecf839d5cae1b73c0029fd53cb7be11f077a64e94a95c7	377ebbe10b596a35e5385a87c9fdf4a949e88aa196993ddca3f55f8bf6e972e3	940
bin/demo/graphic/pc/p2/motion/p2_hdw0005_00_headband/d150_p2_anim04.tranm	f102ba4f9a71234cf848c91d9e8c9cb747fe2bbba0e39ba16af5f3fb7e2df291	991e41d3fa87b56d4e384233bfd615e497414a73f1538675757d5fd3100dabd5	7448
bin/demo/graphic/pc/p2/motion/p2_hdw0005_00_headband/d160_p2_c001.tranm	46392d5b87ecce994ed66f3c184aef7579d53aa74b09fc5056ada3f6f1f83e0f	32efb3d1069355482ce74879904be24d570ac8ac6f4327a7a62fb79bd1347bc8	9953
bin/demo/graphic/pc/p2/motion/p2_hdw0005_00_headband/d160_p2_c002.tranm	03bf6551fcc89155f0914e21081b62dcb3359d4a77d802e419bccb3878184854	7d0a1dbf655d569f23f2c48a308494b34d3472aba7da02eec01622776d7c08aa	11179
bin/demo/graphic/pc/p2/motion/p2_hdw0005_00_headband/d160_p2_c003.tranm	5e61d7cbd3850e907ad0244c45b084d97386715380c335d7541b9f3eebd49300	2769b3a1ee8b9e87b98f6b3a7d6cdbd5f5be3612eab76d2aa771260b9c1a3313	2572
bin/demo/graphic/pc/p2/motion/p2_hdw0005_00_headband/d160_p2_c004.tranm	6dcd53e560e69f741cf7fae43c6e679e29bd7a8640f1cf598892db87379ab616	6780049f0e6b00a48ae045378874e1be5440b92ca02db34cbc79fa7d20ee6f22	18637
bin/demo/graphic/pc/p2/motion/p2_hdw0005_00_headband/d160_p2_c005.tranm	d1f57cfccf5ea6446ca0c5df18c37e6fc0ba6ac532d4c49f7a0c1a45dfaa31fa	12daaac48d106b20d522431fee156c902840961ff7dc3f8bec3c5ceba5386f31	15785
bin/demo/graphic/pc/p2/motion/p2_hdw0005_00_headband/d160_p2_c006.tranm	bea8a44ff200991c87897bbad2a525341e4aefa9e0d99e2d8a77d8b49ad76b3f	17cc62bd9955fb5507817a4b41071b3b15fb013490a38ce2b691c5f0d426edbe	7177
bin/demo/graphic/pc/p2/motion/p2_hdw0005_00_headband/d160_p2_c007.tranm	ad59fd5793ffa501bf6679e6eeadd7fefc0b1112dd5f37dfa464d8e7bbd7a1a6	84185337399827b9caea188c002ea739e1e06a7b7dec455fd18a2ccd406532e9	20567
bin/demo/graphic/pc/p2/motion/p2_hdw0005_00_headband/d160_p2_c008.tranm	ee560018f58f31cfedfa343aadbbb0411cf4a5e6829e383514f06cb14d772a26	d7a3e94ce47872922a7b61ed82202f58d3a0da75fd427ac572a5070dc8c8d1c4	28969
bin/demo/graphic/pc/p2/motion/p2_hdw0005_00_headband/d170_p2_c001.tranm	75184ca9d321e50f927377d0aa36bf7e667485a76d251c0de21810464b11ef7f	37fbe11a9594b21c22bea597365058378178b98cd88b602beae40ff12f7c2fd7	2657
bin/demo/graphic/pc/p2/motion/p2_hdw0005_00_headband/d170_p2_c002.tranm	c7ff8e2ef33514f9542d0be18ef5a8064adbdb80c9371a67b0304e9c6dcb7ce1	d7df888f97f7e9ba8203d30f4ffb1043ee5aab02146ded3bf1326d6bef193f59	10711
bin/demo/graphic/pc/p2/motion/p2_hdw0005_00_headband/d170_p2_c003.tranm	7046e476d57b517ed6afd536e4c2b468ea5a2a682d0e20965c5a8ca3e5488004	9f6ba23086586de796113a55c47d949f7e7a078829db5f8183b5291e893c5809	13539
bin/demo/graphic/pc/p2/motion/p2_hdw0005_00_headband/d170_p2_c004.tranm	68d66e578b52e255b8602a4ca3fa0ca2db80a8df5e9fcc65b2dc98b5981dddbe	7ca8fbeaf0e5aefd40ba963576f871a3d4f349b291d192b3db91e383f1acbd83	10267
bin/demo/graphic/pc/p2/motion/p2_hdw0005_00_headband/d173-175_p2_c004.tranm	bd94db5198d507ddfecb93120d160cb35e396e6976d799c738de404befbcd885	7ca8fbeaf0e5aefd40ba963576f871a3d4f349b291d192b3db91e383f1acbd83	10267
bin/demo/graphic/pc/p2/motion/p2_hdw0005_00_headband/d176_p2_c001.tranm	20eeac45cbc4116e360f12bceda43c9f435f27140cde22bc79e9d27ccfd8ee2c	b32f96605a14679b06c1e3e4e0e0fc6b867916ff586f6db673bda44db2b874eb	7161
bin/demo/graphic/pc/p2/motion/p2_hdw0005_00_headband/d176_p2_c002.tranm	6443e1a9a0cb146ed7d67b8b9099d420a835b16426b7e7293746f801babcaad8	ff945837b5276c09e2e4ee1516a745eb156a3ec2af6d57395f9b49cf8d93da57	10967
bin/demo/graphic/pc/p2/motion/p2_hdw0005_00_headband/d176_p2_c003.tranm	5af3b287b86b5044c6bea3bbe6fa12f1e5105245aa2d1b17c60f24c7239d42f1	27c8d2a83c02d655913fe30544fb1cc02a3affe83707453d62033eb7b0e265bc	11975
bin/demo/graphic/pc/p2/motion/p2_hdw0005_00_headband/d176_p2_c004.tranm	be2b9376787a561451f38c939fae876502f484965f55b396fccf19bdb4a713fa	f79f7519d7cc5d54c7f70b5b9d6d1b5c852a22ca180c99ea741a4e07ae13d7b8	10291
bin/demo/graphic/pc/p2/motion/p2_hdw0005_00_headband/d200_p2_anim_c004.tranm	2e012968c21a23bbbd4aafd19414f3a3d6f03d38cbc9242ad0257338fec72dad	eda89a972b12a9720f5a921a7672902218a53209e2e5dc8342ba455b3354ab92	25256
bin/demo/graphic/pc/p2/motion/p2_hdw0005_00_headband/d200_p2_anim_c005.tranm	b14da0b10cd2f12aadc5da47d77c3e238bcc770ae9e30a8f25a46d4583103cf9	cb84c6870f69364209723212be638b0d10a731b5d7b7a330eba180cac9de7d70	26176
bin/demo/graphic/pc/p2/motion/p2_hdw0005_00_headband/d200_p2_anim_c006.tranm	e8a4f0e9261263a217507713b8f36230a90add8295fb0ec0c25776c95a1dbccd	c4ba8c7bef9c57d34eb2ea21f7b51994f3ccd3fc1972812362798059a5339ce3	21312
bin/demo/graphic/pc/p2/motion/p2_hdw0005_00_headband/d200_p2_anim_c007.tranm	3b75db3de990702b6c6346826a6ee961443e825a4be0ecbf81e73bbc154aa353	f2838b9656d445cabf94bd73346a3677222a49f4ef3c06133c218aa75c93e963	28438
bin/demo/graphic/pc/p2/motion/p2_hdw0005_00_headband/d200_p2_anim_c008.tranm	f30fd9edb102e7a46234a1bd759d0cc8a89eab54a99ebc57f3f10be800a89b89	23fbbc7fbf81f1c8581e6553a3fdd7a0077472f20eea0611944913c0049bf103	19782
bin/demo/graphic/pc/p2/motion/p2_hdw0005_00_headband/d200_p2_anim_c010.tranm	241a01ee9e55d9240b4dd0e60b760a42e8b975756c5632d0d6e2a25b261c83af	1f57e6b925936cfee5f6e0c391d13a32731cebe0d03c951c4a8858467d5be3bc	8971
bin/demo/graphic/pc/p2/motion/p2_hdw0005_00_headband/d210_p2_anim_01.tranm	3bfb1b372a4b5f66961f43e75097c1b9e9ad059721e2edba0196d0c4eb2eb3e4	92bad1e7b161944dbd33a6412149d4063446b808f9277d62dfbc519e74766d2b	30036
bin/demo/graphic/pc/p2/motion/p2_hdw0005_00_headband/d210_p2_anim_02.tranm	3a99c7bcc89f66f9943e15794b6d18cad08f88ca8cccaa1de6a7a0ef033d76c0	880f32011c61fbfde29a137991eb3a7b59e3727c159c5ab70db1a6497b4b38fb	7764
bin/demo/graphic/pc/p2/motion/p2_hdw0005_00_headband/d210_p2_anim_03.tranm	9ed8c3bc0c6b0519e82ae24ea35ab1bea7821ef1563a8b47683f0b8862f5b782	2f12c066cb987cc1e6939110b9b47780c79fb9e3f41c105b4c15c378e99974fb	30103
bin/demo/graphic/pc/p2/motion/p2_hdw0005_00_headband/d220_p2_anim_c01-c03.tranm	b10c211904b9d4a60ad96730edbe4d30be75aeb30dfa93e9505fc226150ffaba	520276357676df4f9fe464104d97293c4aa777604027c66e6e3536ab9f8f59e6	12088
bin/demo/graphic/pc/p2/motion/p2_hdw0005_00_headband/d220_p2_anim_c04-c09.tranm	9ab150f8057ff64b78bd104eb4cd5e17320d746eb16e5f9986a92a7d68080b79	3167b6fabd9b3b6d3bc7bbe71403e4909ca1f036c417994fbe2bd2cdd68bbf7c	20454
bin/demo/graphic/pc/p2/motion/p2_hdw0005_00_headband/d220_p2_anim_c10-c12.tranm	ed65b5b384ade39df0c4f1d2e1e3fc5b90f1afa106dbbe7b7aacb2aa9f01aa9d	a87aacc69d8787e9292bab5c03ce05b55e09ded4e18d7023b469195f63350926	10526
bin/demo/graphic/pc/p2/motion/p2_hdw0005_00_headband/d220_p2_anim_c13-c18.tranm	dab19a6fb5204b87292f64fd381038e345f322261c27a65b925aeb7b076dc720	d09774674ff6fd704ac035acfaa9990c827ca9223c7ed20b5b1709ee14eb8084	12696
bin/demo/graphic/pc/p2/motion/p2_hdw0005_00_headband/d220_p2_anim_c19-c20.tranm	feaf6d2321806f64887af2515fb8c4c26e4f110a8431c5decd97082d80676f96	813d67c4a8af83007da3923de48a0ccd4893ed7e9de64f6dfc832b0720dbecbf	21812
bin/demo/graphic/pc/p2/motion/p2_hdw0005_00_headband/d220_p2_anim_c21-c23.tranm	97e0fd7801bdffa865b6cc139cd1ef6cc919a894b02d126ba41833fcdb1111da	7e8caab1bd753e92fd57f8004dd464cdfe80a425ae373e560cd0fceb7944ff78	22131
bin/demo/graphic/pc/p2/motion/p2_hdw0005_00_headband/d230_p2_anim_c01-c04.tranm	9a1b7f85d6495b2058197865e30c37b50df8b6b77f684cad0e165c5279c6e881	232121c58322a09b0acee616b1c8e5f76be15382e60a983b32cc823576629d8c	29738
bin/demo/graphic/pc/p2/motion/p2_hdw0005_00_headband/d230_p2_anim_c07-c09.tranm	f3f7490bb5871c96d335bdce7e795bbdf68e7f552a6406a2d41c54f6def85d52	952f9924e471c2d313974b0f7c967752a441602f2b26539ec82093ba8ebcb03f	19365
bin/demo/graphic/pc/p2/motion/p2_hdw0005_00_headband/d240_p2_c002.tranm	187debda8ba033e850daf5fb3b80bc2c5c93a64ea68a58af4b786734305ce555	3d74ffd38d2c9d965d928205abbe59e87dac3d11f66ec6376c281fe21d60251c	19537
bin/demo/graphic/pc/p2/motion/p2_hdw0005_00_headband/d240_p2_c004.tranm	3f41f2f97541d2701eaa215ff76c5cbf35a0bc33d4a301e1f28ce3d89f66ec30	b24f6fcd3370947ec41a1a5097ea8a9d583a4db26b5e6680d268da28fcf0d430	12747
bin/demo/graphic/pc/p2/motion/p2_hdw0005_00_headband/d240_p2_c005.tranm	bcfdb852cda78c123806e0ac15c71e93dcb32f2359f6028b38ec35d13fc18065	5123caf03836322216f2c76e4e11a35bc8edb4cde0b7f8f011b742f3f67112bd	22421
bin/demo/graphic/pc/p2/motion/p2_hdw0005_00_headband/d240_p2_c007.tranm	54c8aaa2e2df4af3e301d4aa1a9b4690cd0932a4f428c461e1184291166d49b6	5f59bf3fd2ab392074d4441ea10ada5ea001b3a317ed581e735736ce7166730d	9267
bin/demo/graphic/pc/p2/motion/p2_hrs0002_00_default/d020_p2_c001.tranm	8d1c32c2cddf33eb099a4ba5eade6356bb573b4fde396f85b210e7a9933d8e51	c7febce37f4e20b751a881bec87b3ad85073fb0d526c336e6ad85c1f201a8372	54656
bin/demo/graphic/pc/p2/motion/p2_hrs0002_00_default/d020_p2_c002.tranm	b1bc741fa340e90a59876be4f22a16cfd8c4bfbd3d7266058dcfffb2b6669595	df3591a387fece3e004aa8b807d20c98f926058ce570da9439c7e6a60116026f	39892
bin/demo/graphic/pc/p2/motion/p2_hrs0002_00_default/d020_p2_c003.tranm	b228b85ec4f02a98878f4de4bea6f72a53afe98d8fcdb4d7a7dd12e3cdc9a652	93ede190df451ffca9a67753696506a54ffb966092abd144cb01e4e1c81a09f8	30332
bin/demo/graphic/pc/p2/motion/p2_hrs0002_00_default/d020_p2_c005.tranm	8de7bdc1d864cea59c1f2d281d9ef602902731e72ea39d80c662c268927f3cfd	aa853a79e6e2acaa61195edd753d934d3022bdb0052d067d2e4ef945279b567d	52560
bin/demo/graphic/pc/p2/motion/p2_hrs0002_00_default/d020_p2_c007.tranm	e7778f8361549304cd24f24d42977ddc97b9140e54aa55df70d598113939af98	accf38701d1f2267de8a24fb318a8102e52fc2a96424977472281f9de1fe51ea	11488
bin/demo/graphic/pc/p2/motion/p2_hrs0002_00_default/d020_p2_c008.tranm	57e28c2fe5c3010488dc4444ad468758038ed82aa890cd89964e8cda8668db7c	5a09cc8e25cbe119e7f156294b8568b9fda2da936f4e5462f49fb5feb4cc9e20	11416
bin/demo/graphic/pc/p2/motion/p2_hrs0002_00_default/d020_p2_c009.tranm	916b9b03675feb020a7cb3dc42c436b2643bf47df2380167e8fc7df5dd97047f	5fe853f135de242cfb71139c48556d6a632575f8b175e7f1b2f5503e422f21ea	15924
bin/demo/graphic/pc/p2/motion/p2_hrs0002_00_default/d020_p2_c011.tranm	2279038f0d605319c229b8d80748bb838b7c0e18e350d1791e419ba5f5712583	43118cdbf769573990858c19bf9e098c251a5a90d0f29fa08c9050316387e586	13296
bin/demo/graphic/pc/p2/motion/p2_hrs0002_00_default/d020_p2_c012.tranm	76c05e6fa0d84f5c91ef09d1df551d29145963107d3a6b3af37a22a1e0d069c9	7d677506318d0c4de01238b73c22f0f20738f135931c2a0df15e57f059b6eb3a	26024
bin/demo/graphic/pc/p2/motion/p2_hrs0002_00_default/d120_p2_anim.tranm	29c370327e3faa91522b6b185988dd5a33a6c53641b6240dd1599ec6ee6c7d53	9db55fae8cf7fe66df4b05d409e72a5f2ccc1743f83f71e2438c5a7bc25446b5	99208
bin/demo/graphic/pc/p2/motion/p2_hrs0002_00_default/d130_p2_anim01.tranm	b0038a3759c919a323de85c63d73d3758b7b418e8d27e7aae8229b4d7e9769cf	cd0d7f078b7ed98d91deab3ba46649f7568b2c70829f48638f8e0b6e0d50ae7c	62392
bin/demo/graphic/pc/p2/motion/p2_hrs0002_00_default/d130_p2_anim02.tranm	0c8d46002906a8ddbd200f56491c8f8511e2acef76831a616ca80eee557f34fa	87b37e36ff5285e96df9129331c906bdf094b9ee09ebcf2182b4aaf17b584104	8284
bin/demo/graphic/pc/p2/motion/p2_hrs0002_00_default/d140_p2_anim_01.tranm	5d35eab63903981d831be152531e974ed8d1315078357d8a9e17a2c8d1a9b794	fcad902098a4bfdf4c9918d28cb080fca15808058c6398b7c7db3c89c0b61ba3	9036
bin/demo/graphic/pc/p2/motion/p2_hrs0002_00_default/d140_p2_anim_02.tranm	1bd37ac81eddc0860bf20f1145264ac8cf220f49a5bfa106872a708daa6e3ccd	9a56a04d93552353b2298a7646a5ceb9b7a009258cc27a3ca4dcf24592924e1a	14664
bin/demo/graphic/pc/p2/motion/p2_hrs0002_00_default/d140_p2_anim_03.tranm	4666418174b75343289d2da3bc2ab48c1c94dfa764f7c847aaebb37a28e4665b	0ba35d3d152f562133b686a39dbcb3db1e399ca1c92348105000b075c22e7bc5	39804
bin/demo/graphic/pc/p2/motion/p2_hrs0002_00_default/d141_p2_c001_anim.tranm	34bfe5aa2a71ba88bbd89abe38475004dfd4e432523cf3d46c56234909f8526b	ab8196e1f8545ccf128da20dbeae159594372190df7a74eaac5b5f87fd6b6f87	18512
bin/demo/graphic/pc/p2/motion/p2_hrs0002_00_default/d141_p2_c002_anim.tranm	6287dc4a1907f6c70c744692046c1515ea82dfe5a2fbe0982872e3ec892c74ce	e4953e46f4979ba1231e697ffaa939a755eca830c731c17e2e1efbac48a5bf11	15984
bin/demo/graphic/pc/p2/motion/p2_hrs0002_00_default/d141_p2_c004_anim.tranm	f843f902ab4bed4907b72fb23a2804350e4fd09c1a89a1fc283263d5c244cb25	c6bd4dbf849e0d82562065cd8d935eb6801858c481991ac4980feb10de7e3b93	10960
bin/demo/graphic/pc/p2/motion/p2_hrs0002_00_default/d150_p2_anim01.tranm	548793e7a2487acd2b14c4883aa7201b99390b548460f3aa9208afe57993c327	6d4e2032ad8a84e4a7d2dfa3b5d3923d06a9ee86a7b8f853ad1917c34dd6ab70	15892
bin/demo/graphic/pc/p2/motion/p2_hrs0002_00_default/d150_p2_anim02.tranm	43b981c0063e85ca9b6de8e7680dc03f8777e458eddf046aa0908b243d662fae	0472fedb0c94184c9c7a7a47ad3a440ad1df764f2ed20b9bee7220c84b6de624	13768
bin/demo/graphic/pc/p2/motion/p2_hrs0002_00_default/d150_p2_anim03.tranm	f3f3a5b87bab3a9323d4d70282c0793e3f341dbfb28bac9d6246bedd3205482e	2a61eeb977fd999373acc5d482046a9c971cc8d9b280f2a1d79ec8e3cb9f899b	1487
bin/demo/graphic/pc/p2/motion/p2_hrs0002_00_default/d150_p2_anim04.tranm	1e9fce5b694710cda1df7f1e1842b1371990965a5b9f8d50ff6fa37a7abf4ea8	1e191092d4b4eac0f1356aa2b6a08ca6ddc7e508511fff64c871305bbd6cf885	10948
bin/demo/graphic/pc/p2/motion/p2_hrs0002_00_default/d160_p2_c001.tranm	19dc07f467b2765d08896899716ad72f5ff5ce49dd06a40e84131ae1636fe908	e99da6deb1ec67a24f8211d5b145a90e350d45cf54390f1510c57c4f0a9414b1	17192
bin/demo/graphic/pc/p2/motion/p2_hrs0002_00_default/d160_p2_c002.tranm	53a4de4a79481d1ef93818062ab76cd890ff223676c4d4716faad1f8beb87f04	8abc56c98d27fc27f8fc50cba274ea72e52f18d6c70d0cba78d81a5cc8a3ef03	21576
bin/demo/graphic/pc/p2/motion/p2_hrs0002_00_default/d160_p2_c003.tranm	75fbb1dcb5b1423ef6b817aabb9f5a2f92042ca72965edcdbd3409c81bb36dd0	5e2078c463904fb9c230e483536762a1875c9a550413e0b4ab491b65b7c2d355	3205
bin/demo/graphic/pc/p2/motion/p2_hrs0002_00_default/d160_p2_c004.tranm	60c85dfea8bed19bfc06dee6f802c9f5ffa94e5a491a3bdf18d5c5f680e72b6b	e007cdeea6ec0299ea1be536a4483dd087f2bf92daf477a3777bb51d74dce4b3	36640
bin/demo/graphic/pc/p2/motion/p2_hrs0002_00_default/d160_p2_c005.tranm	ae7b45638fc02da6fd7ad4eec76ce277304cad0006d74ef4fdd0008b900dd4f5	8474101e6cc9ef7b59f378f390925a2f737ebf745ce5dfc6704c4af1d1300040	31964
bin/demo/graphic/pc/p2/motion/p2_hrs0002_00_default/d160_p2_c006.tranm	3c2d86c060b2f42c259e2f093e44953f05fcbe34491b5a6f854b61c1fecb5d76	aeaf55bf09b19f32bcb59dc3515a0473734008c9a22f1e4389c623194ed97b9e	25372
bin/demo/graphic/pc/p2/motion/p2_hrs0002_00_default/d160_p2_c007.tranm	8a0dd771c2b34d415f7c048cd495da8f7c5a0ef49d4a86f188da2014f7405c52	78268097fe7e35b12e978aedc6bbbc31fe9e2d5564654b3a4e12adc2a49f615d	34540
bin/demo/graphic/pc/p2/motion/p2_hrs0002_00_default/d160_p2_c008.tranm	4fa3e688bc1bae6ed83c1ba8c66bcdc2f10ec7b8141c04bf5c1bd641b819a946	861d01c12ef08016a8f1ab5b52b2f35383d06c1dfc047c203133a141847f52dc	54916
bin/demo/graphic/pc/p2/motion/p2_hrs0002_00_default/d170_p2_c001.tranm	5e6c2f7d588f5d2af19c2dec36dccc2cdbb172e999810af2e3f4166cac3f7509	262a6efb82d9904586c7fd00c81e5db02aafca1ffd16390e31a95d96f00f0f0c	7360
bin/demo/graphic/pc/p2/motion/p2_hrs0002_00_default/d170_p2_c002.tranm	1fe3fc344924abf5aab535bf2eac617a4ff377bf73236baf03985fda85f8d9b2	f35de332ec037512137bf268b1d66803c1f576f6c0ffee3bd449110e394824d1	21784
bin/demo/graphic/pc/p2/motion/p2_hrs0002_00_default/d170_p2_c003.tranm	8be422d19691f7ddd52ed93dab3cd5a3870bb6bad08cafefea2e4356ee6c25e8	ca3e9070f67f8aa4317d3bf3e948c928156e8a15994584ebb4f2d7a04b769ad1	23772
bin/demo/graphic/pc/p2/motion/p2_hrs0002_00_default/d170_p2_c004.tranm	4eac39b3b2538ca948b4eb74627df472ed31c61a069b79325c9aa6b81e5c6235	ad8941101f4ee8ae9c19b65716a55b93de3a203a35ab52c3bd2d3dbb0be0d0bc	23028
bin/demo/graphic/pc/p2/motion/p2_hrs0002_00_default/d173-175_p2_c004.tranm	44449e06d82cfb4411f813261880337a42e08673254c3e38dac2edd3e7b6615d	ad8941101f4ee8ae9c19b65716a55b93de3a203a35ab52c3bd2d3dbb0be0d0bc	23028
bin/demo/graphic/pc/p2/motion/p2_hrs0002_00_default/d176_p2_c001.tranm	282ed10c81af48811fae082bb2688805a2c0a437580c4d79ac6444a0fb503f32	79efc2fbe3d37ec40a607a570bb4e2ace694452e7b32d430492493c680995494	14360
bin/demo/graphic/pc/p2/motion/p2_hrs0002_00_default/d176_p2_c002.tranm	44bf5947523753c90dad3e6aa944b49898f6814497b9fb7e588e2c2c9f3cfe71	21b49427a271806c2dc604c8287f5ff20b97698f6b9bc89f69c1c2517ed0abce	22040
bin/demo/graphic/pc/p2/motion/p2_hrs0002_00_default/d176_p2_c003.tranm	95615725037ca6e53224c37a3f0e46607114c111de15ebf0354997df27c2b928	849c4bb0b15abd98e3e8d950ff811be0c416662718d036ad48991c919f206bb2	28480
bin/demo/graphic/pc/p2/motion/p2_hrs0002_00_default/d176_p2_c004.tranm	44a376ab302932e258865d4b666a524400fc416a994cc77e9a100448fda63d4d	fe15c95b012c6508801a6bdd07afed219ae9df19d44ee8082d3ea5cddecd5bb2	23212
bin/demo/graphic/pc/p2/motion/p2_hrs0002_00_default/d200_p2_anim_c004.tranm	5d65b1961c16011336576e18a50a322fc151a031e3380462764e8e06e23cd9c1	ed6b1e2255903c4a2d5fc6faeda7d183ce6fcbb18b9ad70b43cf45336a13e9b1	52552
bin/demo/graphic/pc/p2/motion/p2_hrs0002_00_default/d200_p2_anim_c005.tranm	2001a60343548843ab67b544c96993c601b1d4bb58515b7c86ba6063c0043222	551cc7efce4595cb0435c2be56ac7b02e258dcdec09c256e648aa7639813aaba	51012
bin/demo/graphic/pc/p2/motion/p2_hrs0002_00_default/d200_p2_anim_c006.tranm	9085d8530704634f1edd93c40e1884ec3890d64e3416ab0ab3c14e18419f09bd	c4ba8c7bef9c57d34eb2ea21f7b51994f3ccd3fc1972812362798059a5339ce3	21312
bin/demo/graphic/pc/p2/motion/p2_hrs0002_00_default/d200_p2_anim_c007.tranm	b221852762e4fb298b19df3eff0788dd499bef3668896d395d5d91c0fd84009e	592066a550d718d78dc5c154600b693fbac92d6af323e3ac6c30a44aafddfc26	57916
bin/demo/graphic/pc/p2/motion/p2_hrs0002_00_default/d200_p2_anim_c008.tranm	c955562d3d0ee4a1d3ab829c9e593d46ef4017a4423887e35b9a54e921ea3e41	7ae559e3fffb21b9b7b7a0ba643bf164ebe348fa384ef1a137e7894abc089be5	43344
bin/demo/graphic/pc/p2/motion/p2_hrs0002_00_default/d200_p2_anim_c010.tranm	0b292158f942c5707d02745f980b94c573fc7401a1e71d111b1ad6ea89d1fbbb	ebeca8aa1d8df7c810cc83169cd4b7528382ee63efce625147d9b22dc09b5957	17916
bin/demo/graphic/pc/p2/motion/p2_hrs0002_00_default/d210_p2_anim_01.tranm	15ab0c3e57ba258ba9410a0bf6e389ed3621e3d499490d847ec190e20bbf6ca3	029bb3c1dbed15816a4e45f99d994109e73bd7075826e7b94fc925f66a828c84	34612
bin/demo/graphic/pc/p2/motion/p2_hrs0002_00_default/d210_p2_anim_02.tranm	be7cd292870aac686f50d138028de7af1ec0e2359418394fad80ac127e7c9e48	780044e0a0243e657fc573d47eac6bdd0fcd2026e024f5ed4be89a613aed895e	13304
bin/demo/graphic/pc/p2/motion/p2_hrs0002_00_default/d210_p2_anim_03.tranm	b33482c8bb1d5a75ffab2630c2b1f2f46f76ae06c45b6943565a327f83e07c9a	0e036124f49b842f06e01e4543a4246c8f05d4952f828f0a4cb24998bb7a8ff0	48464
bin/demo/graphic/pc/p2/motion/p2_hrs0002_00_default/d220_p2_anim_c01-c03.tranm	4a9d341472702bbc5a53af3ae3d048781b225a3ea1b446e04d74cb3936d15fa7	83d2a373aadb72daee22a65296823458f40b87d5a6bb56b120db0013193a2ed1	17648
bin/demo/graphic/pc/p2/motion/p2_hrs0002_00_default/d220_p2_anim_c04-c09.tranm	83fb438ae91913be68e8291565d12f0ede1e720a34c9681b42c0091186776f77	a7453d68dd7e91fbce0bb1b225b263f9b1a7c1baeb7eb119ee842701dcd66f2a	38136
bin/demo/graphic/pc/p2/motion/p2_hrs0002_00_default/d220_p2_anim_c10-c12.tranm	8ddf31dc32833975925e80e6264e5ce8b8c64abaf9bbc4e703fd6439f6b40c3b	acad873088eaf3de20615c2e1d083c306599d133e40bd00eb1a9e4706484880a	16440
bin/demo/graphic/pc/p2/motion/p2_hrs0002_00_default/d220_p2_anim_c13-c18.tranm	7d7fa3153bc18ebe76e3843d9a712be2226bcdcd71649759ac0707866e7b9ec1	f11d25209da0b8b9674819bc92c91a0284cfe72b1a58c5e613c7910bce74a00b	53504
bin/demo/graphic/pc/p2/motion/p2_hrs0002_00_default/d220_p2_anim_c19-c20.tranm	ae2feba40d96eb46d049f0d8d0d4003072dd394a5d3ada237f7f8c857fb61ceb	f39dabedcee5603aca6d56114372030eadaef6a9533f6b098b9df595af03c3a4	37100
bin/demo/graphic/pc/p2/motion/p2_hrs0002_00_default/d220_p2_anim_c21-c23.tranm	bcb432253eb0a2d3784729d9a90c80a5d60047732dcc5809da186df8f6c4eef7	ed00864403fafe577e7780565140923796a822826d997c14247cf0a895230075	33176
bin/demo/graphic/pc/p2/motion/p2_hrs0002_00_default/d230_p2_anim_c01-c04.tranm	6f9d63523c2625b68a8c3ce408bd27cd58e312ef4849d708c9806c9a7e5f43be	91540f47b2dcb3b00e19b41f40bdd02b56fd8396f9ec1650e81c127df5e7c864	54152
bin/demo/graphic/pc/p2/motion/p2_hrs0002_00_default/d230_p2_anim_c07-c09.tranm	2b32a406c8b4948614900b4f9b469c6c7afa4d7fa377a7d9afe0e08db70b7dee	9c2a5934871d38cb8f95ba230e683ab1bea2b355921a248a9e916f8c3464a76e	26380
bin/demo/graphic/pc/p2/motion/p2_hrs0002_00_default/d240_p2_c002.tranm	1eec7c7d786a57ff108f56d421cd0380c6116712f99317edd1a0f37d1fe55f34	d2eeb940c3f0ec558a00f7efe26bdb2a810ce0fae3eada40ac8dc2c1a8e840f6	37816
bin/demo/graphic/pc/p2/motion/p2_hrs0002_00_default/d240_p2_c004.tranm	776891f86e5b96a46f8eaa94e3893433bbe6d9301f40c34e970dcb3c95ff2b2b	254269c01a3e5974fb91589813d1094bb9bec7cdb04513c15458ae5ec24d8045	26500
bin/demo/graphic/pc/p2/motion/p2_hrs0002_00_default/d240_p2_c005.tranm	d9b663d6557b85d7d6ecc45c2e85819181f32246e299c8280e7011eb5dde4980	f0a35e72b91a7331bb3baae0f9c855464cc771a8909dec7add4f64a242e2b062	50324
bin/demo/graphic/pc/p2/motion/p2_hrs0002_00_default/d240_p2_c007.tranm	b7759822d540a073e555098dea2d32f5521e1d500836d7b631a87040ea5b8f3a	90416dde57448ba707ce4229fb6770f49fa01d860a77d36f9d4dd3b90e47d9e0	19252
bin/demo/graphic/pc/p2/motion/p2_hrs0003_00_ponytail/d020_p2_c001.tranm	f2b325b3abbf03a69670bb5f0954dc30143fa2f830c53f39546170ac75efa154	b256ca106646bb043d885e388286ee1cea200045a9982607af8d5bede8963599	52640
bin/demo/graphic/pc/p2/motion/p2_hrs0003_00_ponytail/d020_p2_c002.tranm	953a5c2804333b9457eb35edb73b58bc34bb23eadbbba7a4210d1808b1151723	064dec362e4a1959c17272da6b3f8d39ff9b313df3a8429a1046e1071c9ddb6f	10976
bin/demo/graphic/pc/p2/motion/p2_hrs0003_00_ponytail/d020_p2_c003.tranm	bab86822d7528ecb19bd5acd68af8bf8faaede31bcaeb14c2423041ccc0f8184	67a9ffe370e2dcf1f865e2d8fa8dbfb341d96646d3721e104f8317379d5d252a	10215
bin/demo/graphic/pc/p2/motion/p2_hrs0003_00_ponytail/d020_p2_c005.tranm	912037d662a14dc3e02d91e82456b2408aa2ad12e874d4010bbb9ceebe6e3e1d	59f6c0d7650633dd9729ecd0159af98d5b7819f5d3c512a58884c7fee0b8e189	15760
bin/demo/graphic/pc/p2/motion/p2_hrs0003_00_ponytail/d020_p2_c007.tranm	6b05514cf667ac9336d8553972935b03e0e2282ec61e5ab04bf0457d82571c94	bddf7910e253ba8774ece191fa7ec88602630a4a2d81f1d1d60eb9afc1cf9eb9	3923
bin/demo/graphic/pc/p2/motion/p2_hrs0003_00_ponytail/d020_p2_c008.tranm	9858e4de8f534abf675f666cb058fdaea6e257ebb104302d7a86c348aa72de43	7d7bcd9aa9f5c82173f2ddd4a844b166bafc44183549b62fd93a83718b37635c	5432
bin/demo/graphic/pc/p2/motion/p2_hrs0003_00_ponytail/d020_p2_c009.tranm	327e4e2e9f971b14d3e8bc1bca56b8fe7996538f83435f43fbe6e478902ac2a1	2b2b5f14786322269d96df6eeccfacbe3027702cd6e1a24cb8f52eda4f8137bf	8321
bin/demo/graphic/pc/p2/motion/p2_hrs0003_00_ponytail/d020_p2_c011.tranm	bef43407e599a23e47d5ed0e12d78b02205cc28c077e6f90b3375f4d5e3e9484	763f0ed991180442112f02c224957f554744f2dd573ba1f75c828cfab9d0b636	4579
bin/demo/graphic/pc/p2/motion/p2_hrs0003_00_ponytail/d020_p2_c012.tranm	875d5cad532eaccc7cd0eb3854f93cc14dda0921a6b96f9dc81ab8e458fa4bb2	0cd9bb682576d614001949ab24b6f0bbc3e95f70867288cf74e0702d1e673727	13637
bin/demo/graphic/pc/p2/motion/p2_hrs0003_00_ponytail/d120_p2_anim.tranm	b30e21234a313b43e4ab6b218f97d82291f1d79229561da17db43171c2ae9ff4	816edb0961f7688a3226d8cccf3f70ad3d9e57d09a3a78e7bd08537e943f65c4	93192
bin/demo/graphic/pc/p2/motion/p2_hrs0003_00_ponytail/d130_p2_anim01.tranm	562f8bc214bf2615ad704ee036c6dec6ab13a382d7fdcd2dd9b8ee41f04ea577	260292c7178f3445ba60ec97bf5b7f2944ac3cd680c8d13549b9ccb101bfb7c3	63064
bin/demo/graphic/pc/p2/motion/p2_hrs0003_00_ponytail/d130_p2_anim02.tranm	f08b0c3f1a4954e3b25ea474b6a2e36cc3e6196ed741f78ec4812088bfec1e7d	b45bc935cecdca102d669afe85c0a13e2143bfe3b1f177b88d96536e19376384	6780
bin/demo/graphic/pc/p2/motion/p2_hrs0003_00_ponytail/d140_p2_anim_01.tranm	0ad60fcf69d99147c049ccbca8a425016bd82a5be348cb6b95886aa8e70bc7ba	d86bcd8c868b0d6b40e3bb23a22b83d22c40617ad92b777b7989172b31bb16a6	7884
bin/demo/graphic/pc/p2/motion/p2_hrs0003_00_ponytail/d140_p2_anim_02.tranm	de348652939100aa421ee8c698beca0dda3aa6733bd1e15ac9df4a3410477590	1752e1bf68bae9f450e8920f8159da58cd68689c9271ba6ae37b8868484136d2	14568
bin/demo/graphic/pc/p2/motion/p2_hrs0003_00_ponytail/d140_p2_anim_03.tranm	e2513e303dbd3c27d8415ef7579073fc1cf3070f7331bc9b077e0ca796ea2296	cfa82e920d7b9907099e0cd757bde63ef377af4be152378be7e3ca2a075e1efb	41736
bin/demo/graphic/pc/p2/motion/p2_hrs0003_00_ponytail/d141_p2_c001_anim.tranm	011fa5fda089812e005f5bc16b10c1a51157c78e20ed92216b3a44aaf85fc07f	f7e0858a171bbf19a487accbcafcebeade9cfed8cae14ad22e61bfcfbb318b67	16848
bin/demo/graphic/pc/p2/motion/p2_hrs0003_00_ponytail/d141_p2_c002_anim.tranm	71e66261357ac6040d34fe1a4d0c72d99585a566bdbceb56ac67e03cae5cac29	e6376fad23d2b9bb4435cc6ae9d5d027cb0c38510168a5c8d80feb41b34c7c9b	16528
bin/demo/graphic/pc/p2/motion/p2_hrs0003_00_ponytail/d141_p2_c004_anim.tranm	6d01e4dabcf40b8d6035b7ae0c44b5298e568f81ba0b6c9b9c2943f33959ac2c	ef2aee0eb5dc933517709d06dec45dd9f65fa2e6e440afa7a559c404a511837f	11472
bin/demo/graphic/pc/p2/motion/p2_hrs0003_00_ponytail/d150_p2_anim01.tranm	ff8a909b761904abc960c0019e904ba4eb514049e698622b40d7e0ac55e6abbb	1a4a87c01572be8b89ff19f2f62217e03831e4b30e52c068e128d68b7faaa0af	15728
bin/demo/graphic/pc/p2/motion/p2_hrs0003_00_ponytail/d150_p2_anim02.tranm	3a21312b1dc37800674c9df2a0af0550dcc1f97e7dc0f1fa2c3e2483628b4186	e052b2e0c5197e796787f73046bf06a26c247e32450c44f3c8fb1c18d9d265a8	13672
bin/demo/graphic/pc/p2/motion/p2_hrs0003_00_ponytail/d150_p2_anim03.tranm	7f6e064cf83bb41080fca092366d6c326ecbb72d55240b1a3aa0b3f731155273	c586252a04493aa5204e8cb3e3ba7a243a05c9251cf08ce0bb944e5a344fe20c	1101
bin/demo/graphic/pc/p2/motion/p2_hrs0003_00_ponytail/d150_p2_anim04.tranm	ecf67b0e6e547e48d1b05a6cfb262d09f010200aef492a65f92c8494cb595948	3097636502beb92aa4e602d5ac5c0bde5488d5774f8b3efab89f99ede6f413d1	10140
bin/demo/graphic/pc/p2/motion/p2_hrs0003_00_ponytail/d160_p2_c001.tranm	f34329bd0bc6f8fca4c6aa048a38ab56880736e140ce1e379c9c71d386c783f6	ac934d02d0746ea87b26b0d672343b1106dc119c119f6b30be8f895464f72eef	18728
bin/demo/graphic/pc/p2/motion/p2_hrs0003_00_ponytail/d160_p2_c002.tranm	adae9fddbe6a3aca7f3e06893c708ad33a17cf204f68fbaae771bd352366dd4c	94500d1bcee8502923fc3ad20c8b66f7cf19ec3174387ed83b96092a7f76a63b	19656
bin/demo/graphic/pc/p2/motion/p2_hrs0003_00_ponytail/d160_p2_c003.tranm	d141750a2676e1c22ec1ad1e015a3618c0dec539ca4b8c5bc13b872ac93629cc	d9682df09d511cdb545e6e4dbda3d2c0b916e7a7cf377315464563758b40a8d8	2783
bin/demo/graphic/pc/p2/motion/p2_hrs0003_00_ponytail/d160_p2_c004.tranm	899e7a1175330b56ff739d8a8b6f0af9f9ffb75ca1e4cb794c6270e830354980	6f467c127f82d6e4dca91099df760b1b2782a00ff557990985caacc8cf4fb546	35136
bin/demo/graphic/pc/p2/motion/p2_hrs0003_00_ponytail/d160_p2_c005.tranm	f022f95db827fd871ae9c5210a8ff09ead9f50d9776b8920b390c193e9c0b85d	749c59ece03dbc07536c83313084819aeedbb7452fb2c12a513e10b73f5a67ad	30300
bin/demo/graphic/pc/p2/motion/p2_hrs0003_00_ponytail/d160_p2_c006.tranm	c266e6489b59e74b3d160eb8c8d43c215a7a4b5ba29e85f69cc00fd4e3906ec8	a7575a674d89998dd73f446a8fdff0f6b9926554b29b8ec7e13f91786a06cdcd	27484
bin/demo/graphic/pc/p2/motion/p2_hrs0003_00_ponytail/d160_p2_c007.tranm	e4519e464c3a355488f728294181866e699323064db5c067c589c635ac26507b	f2182898a651ed9ff9c9bb36515c94dc33dbbc555788652ece6860cd7fcdc73e	39692
bin/demo/graphic/pc/p2/motion/p2_hrs0003_00_ponytail/d160_p2_c008.tranm	b887a8760010241ef057d7b7baf2c6efc0382892bb5ddccfdf0b9d22a838778c	f3a847ec807343d2e367c62a69ed11bd239f1859aed82592c9da8b16324716f5	58852
bin/demo/graphic/pc/p2/motion/p2_hrs0003_00_ponytail/d170_p2_c001.tranm	54fc3f2d645c9f570fadfa262a1e848051e1c08135af27d4163b536eec5258fe	6328f8183dbef31d2d79bc60354479a7bbdd3dab988844609930ccc3b55094cd	7488
bin/demo/graphic/pc/p2/motion/p2_hrs0003_00_ponytail/d170_p2_c002.tranm	6b75637d352b234793ccdec373504a1ce1ccdbcec94131919f67633c4926bee4	dbaccd5aeb82bd641f93ee509a4c12092bdf6768ebe00efed7a3af5cb65a1e66	21784
bin/demo/graphic/pc/p2/motion/p2_hrs0003_00_ponytail/d170_p2_c003.tranm	a350d4b3490281b20f67d88a712278ace7393f74da88afb738abad67171ddd4c	c39f7470dc2e63543d4f0c604f15567351d41b5dc7fcce2ecdac0e2e16963990	28572
bin/demo/graphic/pc/p2/motion/p2_hrs0003_00_ponytail/d170_p2_c004.tranm	d529a88488fbaca01da85c200630d286b9782820e34af899d3798dee81b21971	fc5fa642523091b64f0113e5a2345b746e4a0be8165198daef7b06dfea070a98	21044
bin/demo/graphic/pc/p2/motion/p2_hrs0003_00_ponytail/d173-175_p2_c004.tranm	04efeeb1159954e7c0927f5880be385940cb89c85db07a144b1f8777b1641878	fc5fa642523091b64f0113e5a2345b746e4a0be8165198daef7b06dfea070a98	21044
bin/demo/graphic/pc/p2/motion/p2_hrs0003_00_ponytail/d176_p2_c001.tranm	af037e2322f2e4a06e49fd0d300329beb397bd8c788b5c387e3f62509d83d4fc	a353ade6c664cbb94f8ebd7e4a5a8b78944effda20d4e49d402a62b056ec575f	11192
bin/demo/graphic/pc/p2/motion/p2_hrs0003_00_ponytail/d176_p2_c002.tranm	593cf1f3251ccefc986a54f888ade0218a9ec81f7614933d3e354913ff25f07e	e9e3bcf5c196a0b1518e3f05169c5329ef3dd9a890a55ef4f6fa80933ebd2a50	22040
bin/demo/graphic/pc/p2/motion/p2_hrs0003_00_ponytail/d176_p2_c003.tranm	011f9fd290c4abfb36f02c712482e07bafe194ad6704e8e650788084ffb9b9a1	80a427383f7f8e67f760c0204cabf71187124b9c386a6bf4d35b33cd2fbe0134	28480
bin/demo/graphic/pc/p2/motion/p2_hrs0003_00_ponytail/d176_p2_c004.tranm	34ddf74f960f8ea483f63aa2ef680117a944ff6273adcbc1f1f1f5658c02e74e	fb9edd83b7708b23e0813af1a8e6f469038d257fbb749afb661c4bb64d2ae092	21068
bin/demo/graphic/pc/p2/motion/p2_hrs0003_00_ponytail/d200_p2_anim_c004.tranm	a489da674834d8db90215aa4219a13edfa852e74d36fa2c5430bae35d3047215	35a480f605b012ac8f25ca9c4f0964bfb6a722186b6a96a1fe94a101b10e23bd	54760
bin/demo/graphic/pc/p2/motion/p2_hrs0003_00_ponytail/d200_p2_anim_c005.tranm	a90a65d37fba79929c9111694f7cf1764b4b6bf2d7b246978cc50691452dcf63	cf57f0546cd05156921e2ef136ded4f537e5b1f8e060841b172e2a7a028122f3	51652
bin/demo/graphic/pc/p2/motion/p2_hrs0003_00_ponytail/d200_p2_anim_c006.tranm	977142ade718ac8ea0435cac08c2ca91e3183f244c92f455559ba2dc41158e5c	f60c3b5278a016dd2311df608d265b3c2fca5c4aee01865cf1c33253c974a25e	1356
bin/demo/graphic/pc/p2/motion/p2_hrs0003_00_ponytail/d200_p2_anim_c007.tranm	cc02d601e78d49410446bc3729ea2c433735677093a3b252a0a6120aa14d5683	146a86ed18c977c002afa25388bfe43afa57ebcfb3ff7b25f4f4410ca39f677c	60764
bin/demo/graphic/pc/p2/motion/p2_hrs0003_00_ponytail/d200_p2_anim_c008.tranm	90916f22fa47eae9a45e57375874bb4e7544f0be42a51c5ada5bcab2935abe2f	fc06486570d9cd5fbd88f9608d7db8f6048c0f415a90042480ae082c88d3227a	43312
bin/demo/graphic/pc/p2/motion/p2_hrs0003_00_ponytail/d200_p2_anim_c010.tranm	118c3cb5111e8a2957a7dd7c314e2471a1a53497db03f8861d48648ab099f761	9ac7f5c4f34617f2ea1441c7e0413043c35f82be69885da0a4724ac6d8ac9131	18588
bin/demo/graphic/pc/p2/motion/p2_hrs0003_00_ponytail/d210_p2_anim_01.tranm	4e1423b35343c2319edde097c65ab44bf4f5aa764d09d80374c62746474554fb	ab233acb060d02342c037d4798a185a5d3527895d6cb15a1ce159e6abde29e41	32564
bin/demo/graphic/pc/p2/motion/p2_hrs0003_00_ponytail/d210_p2_anim_02.tranm	88c6e2aa45f6208b2c1cdf893b2d79ca12c7967ebcf721db79ca7e2bfb0539e1	6d8d6590eccd3f4a1afaa30d9b0d8865afd248821a22f681f7c899a56237977e	13304
bin/demo/graphic/pc/p2/motion/p2_hrs0003_00_ponytail/d210_p2_anim_03.tranm	279b20178cf7d2dbaa7a928e06ced7fe42533cbca37692b7b7b532c02ac6c726	4593cc41e6bfccb5d697e8fd809c8d43cafbcd5cdec748a7ce5672026d387a1c	43216
bin/demo/graphic/pc/p2/motion/p2_hrs0003_00_ponytail/d220_p2_anim_c01-c03.tranm	b4a5fde0128ea665975d6368e848e42fce6dde9a8d2c3e013aa77b199d232894	390624ae098859598f3fafda27b3975b42adf70989476f76ba80d0c70eb58506	17648
bin/demo/graphic/pc/p2/motion/p2_hrs0003_00_ponytail/d220_p2_anim_c04-c09.tranm	e45a60d0693a5b1c50bb6db969adbfbc2768079c1cb9fa6cc067f5354dcc66de	5562ea35d8367d67471cba769a6b11029deae02e54061ab199760fb80f4d44ed	34712
bin/demo/graphic/pc/p2/motion/p2_hrs0003_00_ponytail/d220_p2_anim_c10-c12.tranm	f9b0fa8c3e823239c3d711839e2ae69de07d7522785f4f2c712ac25dcd8d64f9	1a262353707cf93a68f18f8e5a02e1a4ebb8ff7fc73e79d279555ea05c31fe70	17368
bin/demo/graphic/pc/p2/motion/p2_hrs0003_00_ponytail/d220_p2_anim_c13-c18.tranm	219afdff904efaa969a574b814dd9b43a2ea8771bf5d000738e766b5591f9b3f	5914b1047efcc0b5bd22f0e9ffcf0f2e03ff36daf1b4dbae722b046f3830a3a1	52736
bin/demo/graphic/pc/p2/motion/p2_hrs0003_00_ponytail/d220_p2_anim_c19-c20.tranm	f94131a09a1bb25aa094b18b5ae0381097f1a7c1e099e66de9366bfa3e6812b8	5e8cccf5aada6f2fed9dd92091794acb130d824d59f7f8f6c753ad32ed54e334	34092
bin/demo/graphic/pc/p2/motion/p2_hrs0003_00_ponytail/d220_p2_anim_c21-c23.tranm	646b861e739fce1774553d550f8f5fd21faf3d407dc3f0eef15f8fc9acd0cac2	2757ad7ba18d4b6a6039a685ffb10ac35255e9b94cd0848447c6f04d4a98d838	28536
bin/demo/graphic/pc/p2/motion/p2_hrs0003_00_ponytail/d230_p2_anim_c01-c04.tranm	61c2de9f5d5a599267c27d0c290fc212827707ea875e41355d7b903ae053be88	ab92fe286ed0b23818ad7728db1ed307c820b9bd09c6de4307f4d9c3c85d6d8f	65992
bin/demo/graphic/pc/p2/motion/p2_hrs0003_00_ponytail/d230_p2_anim_c07-c09.tranm	418fac8addfe74a06c936acaad3138e333424986d6c497e073052df95f01ca6f	985aff244ef143d17aef61af368dd5d0a0edb5febe8fc8b91c593307609e530c	25804
bin/demo/graphic/pc/p2/motion/p2_hrs0003_00_ponytail/d240_p2_c002.tranm	619aa557b525efb8169fc293a3e32d6137450da00db04fcc9fd391de074f32fe	25cfb18f55e29994b1d12e55fdd5a2737de2cc42fca3921b256a1a891764f5da	36280
bin/demo/graphic/pc/p2/motion/p2_hrs0003_00_ponytail/d240_p2_c004.tranm	b8ee9a7c2f49a6ceac799b464c87361310b006a33856b36f556df4962c24b053	b9eb7220b8fef9bebfde57bc654095ef7d0af6f6b4bfba40260a5e0889c30bd0	26340
bin/demo/graphic/pc/p2/motion/p2_hrs0003_00_ponytail/d240_p2_c005.tranm	9b0a8f9f47109f3801eb8e81faf78d3774990b373d688d5163c40a8d7c812698	b44e20f359a1223a1e4db9f01754f1c0d138b97a16dfce37c852d8e4cddcd59b	45108
bin/demo/graphic/pc/p2/motion/p2_hrs0003_00_ponytail/d240_p2_c007.tranm	964721c47b36da2685dfdd1c3464b7d17768a5073f623741078d0c04a022a90d	3e118ca4f06c45110642812a1cc868634c592502af54664d74dff9878a8484ba	16724
bin/demo/graphic/pc/p2/motion/p2_hrs0004_00_bundle/d020_p2_c001.tranm	60b7cd18790bb8c7455dcc239f55cda3cd8fcf32b87f232a6b7a48f43efb882a	2f700226e07525fb861e0bf9b8190b87b581f0ffe1877657d5f1406c32868615	18496
bin/demo/graphic/pc/p2/motion/p2_hrs0004_00_bundle/d020_p2_c002.tranm	6fe48cf140cf963cb98417c05cba741242815c854ca4b995371b8b8f172ba128	e40cfdead616355cd78845cc858f6598e3265529942667a68988a38648893270	11578
bin/demo/graphic/pc/p2/motion/p2_hrs0004_00_bundle/d020_p2_c003.tranm	7b72606ea3d492ee5e6fe1fc1ed4f9a53e4b4d7022eff5505aafaa1a55b0c189	67a9ffe370e2dcf1f865e2d8fa8dbfb341d96646d3721e104f8317379d5d252a	10215
bin/demo/graphic/pc/p2/motion/p2_hrs0004_00_bundle/d020_p2_c005.tranm	be2122e5a5375caa268a22860af99bee70af4512218c1b53b6264ed6b24f831c	dd64ae514e126771eea0bcffb2ba5807f1086755559921b81c18fc2df2e65f5d	15178
bin/demo/graphic/pc/p2/motion/p2_hrs0004_00_bundle/d020_p2_c007.tranm	161dead9939af3ac6b54c8154f74b486675e62b90a1923670ffde5514a2d5800	1c50c8662d374e4f87c867a72cda13b6185c6e25f5d6b9de2247aa29df558282	4194
bin/demo/graphic/pc/p2/motion/p2_hrs0004_00_bundle/d020_p2_c008.tranm	ea100b04b3124fae509a64e8da55bc273d852f7b79e8d7f3a723aa55f1f1c293	263a5680ba014a0f1b8e47e5e479f9f85714f4c661a0b53ca470b8c742902aa7	4529
bin/demo/graphic/pc/p2/motion/p2_hrs0004_00_bundle/d020_p2_c009.tranm	49f0bc79cb86b25c56e8e9b3706e70775e7990823d0e2221c128fc3998c545c6	1d3dc060b29873e3752770200cd16de5cfb35d3aa3395606eceafc7d3fbcff82	8562
bin/demo/graphic/pc/p2/motion/p2_hrs0004_00_bundle/d020_p2_c011.tranm	40457dd828a35e4e60fbc8b84192310ebf531d3978b25bd6b2c150a18f061cb1	763f0ed991180442112f02c224957f554744f2dd573ba1f75c828cfab9d0b636	4579
bin/demo/graphic/pc/p2/motion/p2_hrs0004_00_bundle/d020_p2_c012.tranm	d527d6184f9d7eafe20791c2c22b6146b8b3eb66b4a54cd97add448148ad8bdb	3631935900d8afd99a91bdfc6524546380c988fdf2dabb2fbf35dabf30f2f536	14118
bin/demo/graphic/pc/p2/motion/p2_hrs0004_00_bundle/d120_p2_anim.tranm	3dbcc0a450562a2cc57c583d8007da46be5647bc81848f311956e7f3d29ecda8	ea45de48c958977d2d86686e503eae9a5b03fbd57dde19a43b3a173580c6f245	86504
bin/demo/graphic/pc/p2/motion/p2_hrs0004_00_bundle/d130_p2_anim01.tranm	a1b04f27ade04b1731b956cfab5c74f2d6bbe36e4fa327f2e910282e593197fe	b08e879393dc926e79f6abd1f73878b65d5d15f39e82ac924f9d7ed364846517	62360
bin/demo/graphic/pc/p2/motion/p2_hrs0004_00_bundle/d130_p2_anim02.tranm	fe7dd2f6853958845c1838ad46d7eb6cbcd6136c1c174dbc5d6f525f050ce5e0	fbfc137e56efbc38181a7d663f9b8bcc9aa09f0c1898aa66502517687e231300	8188
bin/demo/graphic/pc/p2/motion/p2_hrs0004_00_bundle/d140_p2_anim_01.tranm	b4a30146c98e7c012275b1fae36afa00bf9583c4823e5ea6a2fb92b799fcf987	d520276b67ab398f35dad19802d8fa494faa390e34301089683b450107c171db	9004
bin/demo/graphic/pc/p2/motion/p2_hrs0004_00_bundle/d140_p2_anim_02.tranm	67825b90e473d48c4e7284c3f22a0c9449ff634f6f1427b733748e7ce463b598	f925cd116252c2d994f5fc587f378e121fee7308e30b1e7c9ac785d1fec30df0	14120
bin/demo/graphic/pc/p2/motion/p2_hrs0004_00_bundle/d140_p2_anim_03.tranm	5d189748b2587caac2fe2a5cf33b2bcfdbce17d7912e75a74f73f9cf01622305	28cca4cf71daef4d838e920037b92e7394b4bddd43a6ab4bc98b72f312456e88	37944
bin/demo/graphic/pc/p2/motion/p2_hrs0004_00_bundle/d141_p2_c001_anim.tranm	51985b2a8c021017814b37ec79dbf2f1600df7a834038d54b6199a3254282880	6786d04cba1f7e01bd879207fdbaa587ae3f79a943a0f1a13272be213aea3a7f	16432
bin/demo/graphic/pc/p2/motion/p2_hrs0004_00_bundle/d141_p2_c002_anim.tranm	fe8b5e0283bc817da75a1624f9a2d299743bcb7e358057d72898d515f675fbe1	f7bd75c4ee0400c79adc7442c801565d48839fe129d786fcfa0ed8cfe50d6e5f	12720
bin/demo/graphic/pc/p2/motion/p2_hrs0004_00_bundle/d141_p2_c004_anim.tranm	f0f75dbd41a6d3eeb516744b0575cfe2ad4519acf274fc3516b74396f170be9c	a73c00cdd03d4d8ff0a277a733a7e7bff3366ea7be0389586a6222861ffabb0c	9328
bin/demo/graphic/pc/p2/motion/p2_hrs0004_00_bundle/d150_p2_anim01.tranm	79740ae4c790f0bed91abb32ab184ebfcf1fa5bdf6fc045f3c8ec8f928123186	a486b7410f9ddac1ae8e5e2a6f6b483eedc30faa1962300bf23c74c181d63351	14480
bin/demo/graphic/pc/p2/motion/p2_hrs0004_00_bundle/d150_p2_anim02.tranm	30d9b9c0c9fa1e915a9b9f83085390f6d10227e36e8a3ec36779c4ab31c4eb2e	8aa14a07860fb54972959b9dd45988d8b6ebef345e2399686275bcbfb7b553aa	13160
bin/demo/graphic/pc/p2/motion/p2_hrs0004_00_bundle/d150_p2_anim03.tranm	a6daf5e6ab189e2b163d1e143672f88d25ba2d347e6663a67c8f936d0ebc1807	7697e989bd6ddfb99aa79757b8037e0dc0b79b9d9e7ca01f797cf278dd8f34cf	1262
bin/demo/graphic/pc/p2/motion/p2_hrs0004_00_bundle/d150_p2_anim04.tranm	14b4c7ae5e6c364f5f321831cac2c96d1fbcdef95f5143b96046255539817cb2	98e52449eefd1395e30587312b00daf46d6d1e83988283771d455b54ab69f7f8	9660
bin/demo/graphic/pc/p2/motion/p2_hrs0004_00_bundle/d160_p2_c001.tranm	e35eb96e4c2e86f356bf28a55111b3d408003ff3891786b958ae891f1155c0c7	2c7ee6ae05b500f9b815ffb324bfaa6fdd447d880b1020c0f4740f6b88f4e459	13480
bin/demo/graphic/pc/p2/motion/p2_hrs0004_00_bundle/d160_p2_c002.tranm	67b9e6382f983226243e8dad0ef6bd41908d17e3e87dbca9980a4f8efd473c68	b83470acbc6c38b8ac454140300aaa76679ce849f321b8db3b94ad7e8c7ce232	16808
bin/demo/graphic/pc/p2/motion/p2_hrs0004_00_bundle/d160_p2_c003.tranm	e53db8de82b813cf8b387580aeb09adef6ca5f06d76afcafdf52ba09fa60a238	ae5fd0794f47aae8f982ca7f0eae12d9fa6796c5b29cbddb1e231df9719fa95f	2994
bin/demo/graphic/pc/p2/motion/p2_hrs0004_00_bundle/d160_p2_c004.tranm	058a8689d229a2687455c039076cdaeb30fbcc983bfb467c0fec8a2703867df1	27c95a88212ea8bceac81ed1b932a1ee0fbb8ba95c7299e4bf0dd6d7c3c6c7d1	33248
bin/demo/graphic/pc/p2/motion/p2_hrs0004_00_bundle/d160_p2_c005.tranm	18f0894c41f8e5329ab051b49c8af86f15c11e46043c6f1d840b51062cbaadeb	91917a2cf8671252ccc8c45df78090e5cde50e143e42c4b55b9a2dfb93f7d9bd	27772
bin/demo/graphic/pc/p2/motion/p2_hrs0004_00_bundle/d160_p2_c006.tranm	4b5d4332b59542c16d6e74b731dfd79e2e68d54108b74d0f577342c0851435ac	9c2b8d276646fe657d7ba1c66fbbdf2689e080120687bd55b12e74baf9afa02e	22460
bin/demo/graphic/pc/p2/motion/p2_hrs0004_00_bundle/d160_p2_c007.tranm	dc1b58a5554d4ce659e8a8ad7037df4d75733c5b8c5ebd02ed9fdeb25aa3a55c	3aaffc1466ca68bb27030c9c6d683fd74ec3502ee0ca346437f5293df857f593	31756
bin/demo/graphic/pc/p2/motion/p2_hrs0004_00_bundle/d160_p2_c008.tranm	b94b1b9c5dd27061c8d3e2321e8e348c2a662eb3c5230db58937bac90328e169	69817bc0a13ba2ed428294bd975c21ff28324eaefc1ae35494ab3ac1c40630d3	44804
bin/demo/graphic/pc/p2/motion/p2_hrs0004_00_bundle/d170_p2_c001.tranm	04aa88fb69b6ab548f2cdee08bd75d228aa19d4b7f54bc1bcecc08b2fb54d167	96d0320e80c5604982dd07b758f7ccf0c6fabd74f3deeb105df257c72d420821	5899
bin/demo/graphic/pc/p2/motion/p2_hrs0004_00_bundle/d170_p2_c002.tranm	b689429451e8ab1fb3160e22fe342f19400dcedac475f71bc698f33b7bc2cccf	9952b2108a802eb92fea5b722e00704ac07b9cd4096786057e67fdfa8f3e91af	20728
bin/demo/graphic/pc/p2/motion/p2_hrs0004_00_bundle/d170_p2_c003.tranm	a160343b19df7fac657970321caad73f1c2be702a724769978e48bb06ba84edf	2c179f9aeb38550c16cac319cf69a3228204dc25df9130866e31cc9905bdf691	23772
bin/demo/graphic/pc/p2/motion/p2_hrs0004_00_bundle/d170_p2_c004.tranm	967bae5d2a1370c7a2b69e1afb3a8aab2c619d2868c4afec0e9659368d242576	94bed81c78a40afb81294d4c9bd25fb0ea815707d01dd4624bcb5680e7401220	20436
bin/demo/graphic/pc/p2/motion/p2_hrs0004_00_bundle/d173-175_p2_c004.tranm	1ae4d80e15e8d925f80fdaebb533e89e8adcfab5ff80b3495630131187720a4e	94bed81c78a40afb81294d4c9bd25fb0ea815707d01dd4624bcb5680e7401220	20436
bin/demo/graphic/pc/p2/motion/p2_hrs0004_00_bundle/d176_p2_c001.tranm	e12b3d1e631276a49ed9f8ac776adfc3c3a9f0723daec0a6603507ff81c4fed4	6bdf28c31e3c213fa7caf10ae097b344314bfaeeeb9800ca5d7092c0f16c8904	10904
bin/demo/graphic/pc/p2/motion/p2_hrs0004_00_bundle/d176_p2_c002.tranm	bd6eb76cccedc0223148e1ec6b7680e26b2430e6a951ed3823a56bd3edf05b63	660c574d0791283325d8b20dbb1f086a79190cff0368439e346129531c161d4a	20984
bin/demo/graphic/pc/p2/motion/p2_hrs0004_00_bundle/d176_p2_c003.tranm	34777559aa5b1b8a2c0d9a1458c0edeb1fceb7f223beef0c8927a14a67ca0aeb	797d17a5481a2b0a605e81427272e72529f51aeeca0d0c7a0c95013b8784ccf4	23469
bin/demo/graphic/pc/p2/motion/p2_hrs0004_00_bundle/d176_p2_c004.tranm	9cc926b45e23d873c89b288f10679c9c5e5a5d1f88f9e2ed0791fbe7b546d858	df25aa942d159acbc5b6eab952f12361c7ff3b2960e5ab3c51d034e723952b9d	20364
bin/demo/graphic/pc/p2/motion/p2_hrs0004_00_bundle/d200_p2_anim_c004.tranm	b42cd042020b06acdde220436a54f1ccd9cc33c390b0983b3f8b11a2e71f0f55	acedb60e8ab561619c2d944cf34a3a8d3c6beb60bb45ad76278956766096994f	37800
bin/demo/graphic/pc/p2/motion/p2_hrs0004_00_bundle/d200_p2_anim_c005.tranm	e3e7cbf3274af24793b65c89e42ce3fcce983ae556997b9d65c598e550252eb7	7b7fef06f945d518cee80c58ffed50fb442d2d6d968ac46a194be156cc05b084	36280
bin/demo/graphic/pc/p2/motion/p2_hrs0004_00_bundle/d200_p2_anim_c006.tranm	70761dadea9903df0c6551028b8b5af2233688a73cfbf97b48ce581d55ed9ee0	c4ba8c7bef9c57d34eb2ea21f7b51994f3ccd3fc1972812362798059a5339ce3	21312
bin/demo/graphic/pc/p2/motion/p2_hrs0004_00_bundle/d200_p2_anim_c007.tranm	9275ad3991342fe1f4b12318e075f9cf4d2bc486398f1f90e06d60642d76ce1b	558dad2a45d70edcb36d33a113252ac639b4af7a5e6c8967ae7bbd45dd34dc3b	43258
bin/demo/graphic/pc/p2/motion/p2_hrs0004_00_bundle/d200_p2_anim_c008.tranm	72e7c188e061f7b972bcd4ba912796534f9cb6ffb4f9f2f8c9772f56b7d900db	484f2aab1984a4e7acd8b0b14505b75a697b1a3747bde2cd7a60e7edf2e216dc	27298
bin/demo/graphic/pc/p2/motion/p2_hrs0004_00_bundle/d200_p2_anim_c010.tranm	e5086a254054ba7958a8267c498eafdaf7dfdac37b16c88b650756d5e7f65fd1	73a6393e9fb8889768570d5f5c228001b8e4fd320cd84c2a39e80d4c6816e5fa	11009
bin/demo/graphic/pc/p2/motion/p2_hrs0004_00_bundle/d210_p2_anim_01.tranm	a75980e36376229158e43cb1698e3f98b350c82fb0bacd999815550ad99d48fb	f56e4548c5c77a6160afab24be264fb8232d708605547ace6d856c041e7c67b3	29108
bin/demo/graphic/pc/p2/motion/p2_hrs0004_00_bundle/d210_p2_anim_02.tranm	1684f847437fdb0d16b7067dde7906e9276da1ff05945ea57ed7812b1151085a	68f8a597dff03a2b8f9a92461be1b12d777028c0b5405199ecf35d905c4cf5f7	10636
bin/demo/graphic/pc/p2/motion/p2_hrs0004_00_bundle/d210_p2_anim_03.tranm	c87afec51536c329cdc5c88bd0f5e786ef31345e2624734eb9b7ed6ad387146f	6c1cc3fa46a6b01c604b4a78d0bb4761398204c7f3de117cdb43b8a889c9a107	42621
bin/demo/graphic/pc/p2/motion/p2_hrs0004_00_bundle/d220_p2_anim_c01-c03.tranm	38cd2918e923caf450bd3a5010868f30fa7c0e2b77dca758a4ef783456204775	30040548c7c4f2fa6c78a7864b303668748a09f6a6a4f124760dc17c21ae2645	17808
bin/demo/graphic/pc/p2/motion/p2_hrs0004_00_bundle/d220_p2_anim_c04-c09.tranm	26527946f0680e21885c48f9821c2e851ea54140bd98fe7173383efa1d211a21	483ea1f1483764dc759b59734c2be12e7a66b694c180e6863bfe038f1c0ac47b	35224
bin/demo/graphic/pc/p2/motion/p2_hrs0004_00_bundle/d220_p2_anim_c10-c12.tranm	63f560659464c9a808918869c90f725e710d0a8b3a2437b22c5e1bd0f86d442d	8132670133387f5fc366d0791303b8ec1f13d4a8bfd00b289afa59114ff99185	15544
bin/demo/graphic/pc/p2/motion/p2_hrs0004_00_bundle/d220_p2_anim_c13-c18.tranm	9964fe96eafdace87a424db9efffa8a0fe9bd9e8ef19d042242cedc5bd83ffed	e60d04eabb03b261043813b24370607124a81e66a7f6827f962a9f54aa25a603	50880
bin/demo/graphic/pc/p2/motion/p2_hrs0004_00_bundle/d220_p2_anim_c19-c20.tranm	51e2507135d0e67318865d33081c91cdc9c6e205bde5f64d35887807b8a56423	719c3d6e27a3bf3c4c344fb3c5d080b5a1e52f480166ab01b31cc43714e3db48	36940
bin/demo/graphic/pc/p2/motion/p2_hrs0004_00_bundle/d220_p2_anim_c21-c23.tranm	3bf404b58468c3aaaf528281b49b195450e4af15c777d2ead95238fb1bd67028	07335b172e890489fe2dc0712b3dda3c48266062998a38a48a42f96487e0f615	32824
bin/demo/graphic/pc/p2/motion/p2_hrs0004_00_bundle/d230_p2_anim_c01-c04.tranm	4e940373e3b0f080941f5d81cc27cb56162475132ffa8c0ca9820485ab3c7b8a	e96421030a841083080c0597ad1a0261aa25bb0ed9017bc33e40c15cfa8fd763	41342
bin/demo/graphic/pc/p2/motion/p2_hrs0004_00_bundle/d230_p2_anim_c07-c09.tranm	59c277e619c254f2c03e3044075204821c9d5258a21d8b97a7689e0734654af3	90b0519be78d0cf2e62f2d7d8ab87e458d9200886afb5bd6acfd4c24c00524f1	18303
bin/demo/graphic/pc/p2/motion/p2_hrs0004_00_bundle/d240_p2_c002.tranm	8ffc6490fb4305dea7499b5016e042d750af242bbf99174e4c42f264245385d9	475a335d44fe9bac2d457db77c38d89054e630560b63524d045c25006570cfb2	39960
bin/demo/graphic/pc/p2/motion/p2_hrs0004_00_bundle/d240_p2_c004.tranm	f2a8257a636a793ef0c72af313af1497140b5864e3c81e2cc98f4fcd5cd925f1	0aa82278c872a4842cb55011e5a89a34a28d99f07178d8bdaa9aed0115ced8cb	27780
bin/demo/graphic/pc/p2/motion/p2_hrs0004_00_bundle/d240_p2_c005.tranm	80a007e7bd096a99363e3aded1fa2358cf5a5394040b500ccbeed53987d5e888	7b31a25cffd7bd1c9887334048d6af71a041a779f73f319fd9c6e15401d6eb38	50324
bin/demo/graphic/pc/p2/motion/p2_hrs0004_00_bundle/d240_p2_c007.tranm	3718d09d0b74abc333de33dcbf047c0fde41fb22e9b34c4d2e430695c59c9a81	6987bc04311f1ce2212c279470e7ab937d2c0c18a5565d4b85c9f9977c79ca6f	20340
bin/demo/graphic/pc/p2/motion/p2_hrs0006_00_center/d020_p2_c001.tranm	78b2156f7f8a3a0f96fd925b359ae7f1cfa398a41bc4d5a77f55d7d19a424c9b	b687d737c8873fbbc4b282ae14fc6c1d6ecd678db7aa500141c7f34ae5c3267a	15691
bin/demo/graphic/pc/p2/motion/p2_hrs0006_00_center/d020_p2_c002.tranm	b1e333a7247feaa21cb733325cb15b1347bce2d77f40d450e3b69a0bf7eef2e3	f81cd36ab25fb5a7fa2b1388cde1fbddd4a21e92e2bd3172a88aa87ecf58bcfb	10675
bin/demo/graphic/pc/p2/motion/p2_hrs0006_00_center/d020_p2_c003.tranm	5f4ca36542b0097049d0f9200cc8e0b9303a53ec7dd2d695b547b3629305d632	67a9ffe370e2dcf1f865e2d8fa8dbfb341d96646d3721e104f8317379d5d252a	10215
bin/demo/graphic/pc/p2/motion/p2_hrs0006_00_center/d020_p2_c005.tranm	5e77fbc6bca929ecfc0d22c231a711693dec34cd4ff683dc8cea8e23e0f65117	f6ad1fee34585f0cbd97a379a22743dd8288b5f9b744f5bcfa4173f99541ff2c	14305
bin/demo/graphic/pc/p2/motion/p2_hrs0006_00_center/d020_p2_c007.tranm	283211e5443e296185a47e27b09535a95d666776cdce4597b587cee767751fbf	3ec7a3b577d27c362b94a2cb4e2c449ae90120e9990559f16b62df119418bfb9	3381
bin/demo/graphic/pc/p2/motion/p2_hrs0006_00_center/d020_p2_c008.tranm	4e617731df47fd3d148e2520428612932e7cf2495b73fa80b02fe0c54feba399	94e05c0a561663d35e1cfb189ca025fb3766e3e2489d32b5bce25f06815aecb9	3927
bin/demo/graphic/pc/p2/motion/p2_hrs0006_00_center/d020_p2_c009.tranm	27b34b611844175b9aa055f8d12498c74e5e1047be6c214e1ee717581694df7b	77b01744f491abaa9b715a3d84fa0fb0208c89874c225a134a3e6211e82e78e0	7839
bin/demo/graphic/pc/p2/motion/p2_hrs0006_00_center/d020_p2_c011.tranm	632974dd2a41581a5a8df3ff07bba3df83c5a245c7a7d94a8f840e1d4897a2d5	a337907661a9c667a59cb2e732812224655e61be862a81432eba50b9a4b71ed2	4037
bin/demo/graphic/pc/p2/motion/p2_hrs0006_00_center/d020_p2_c012.tranm	be36e9c3754fdcd06fd7dcaa57636df29d6f1366e1564380e443c366f75c7f8f	75c775b790f5bfd5258b618be806adad3fcf1840a70c40c16fab99a3a078617e	12675
bin/demo/graphic/pc/p2/motion/p2_hrs0006_00_center/d120_p2_anim.tranm	b471ac1f97285ce6fcd2c319130e634459fdc5e0cb3a3459ab04be29c68d2b66	5037e249734e5d72d6bbbbab158955da2d0bbeefd19ff116bb488c534dd88816	51637
bin/demo/graphic/pc/p2/motion/p2_hrs0006_00_center/d130_p2_anim01.tranm	ec60a40e14207e4d5806ca758a5952fe41aa938291f9164e4b5dcc6c9ab60753	c9994186bca1d8afaff549a8433776450a419c79da5a180a00ba6ad242e00233	32834
bin/demo/graphic/pc/p2/motion/p2_hrs0006_00_center/d130_p2_anim02.tranm	1d8f9c550f06c28f05e5fb95bd05c8b10f83707c3de8e5e445cc49994cc7f387	f3bae9725fcb39e7582a584e32502ed0704976f155f657ad4c7de359ff19cd1b	5400
bin/demo/graphic/pc/p2/motion/p2_hrs0006_00_center/d140_p2_anim_01.tranm	4df385bb5e2fcf329de80c10fb6a51f71206ce3c938485b1f2f1f8e04610443c	82dd57633f48b954f57d54d36b339ad2f280736113f5075f91cbc7ecba4ff9e8	4720
bin/demo/graphic/pc/p2/motion/p2_hrs0006_00_center/d140_p2_anim_02.tranm	5de142c8b0fa0353276f381652ae802c2e51caf65dabdb4ac7bb67347ba1f2c4	7b3b2b6a717e085806b4f5cd4be3325f2b99bdaebea3a2eac9ebfe2436c703fc	7296
bin/demo/graphic/pc/p2/motion/p2_hrs0006_00_center/d140_p2_anim_03.tranm	f978adeecbfcab88d26e5393d0dc30d0cb1cb3f7d37150160abf8052aee53056	0acb47ef09e2d448fccf683511b4e40cdfeb1fe7ced32a118bd0bd086ba03494	19022
bin/demo/graphic/pc/p2/motion/p2_hrs0006_00_center/d141_p2_c001_anim.tranm	77807dd96af7ef4131e5e0d091d4e90f7c1ee074445bedd2dac1b3748d8a875d	1808dbd342d41a61cf6348269a109769e9bc4322508d6ea69f9cfb966b0964e6	11031
bin/demo/graphic/pc/p2/motion/p2_hrs0006_00_center/d141_p2_c002_anim.tranm	a59736498b031d75b0bd616b4954fd9f2a94077fd88e6f55308e1a94f03bb38c	f3ef4b947aa4db7ea371b20cba896ca05af411dc3333703ce469982d344ef431	8615
bin/demo/graphic/pc/p2/motion/p2_hrs0006_00_center/d141_p2_c004_anim.tranm	946d9722e77e62566f7a26ba7fd3e9bcecfd7ef27297cbd37b0fc7ebcfb57185	bb9ad7391901974dca0e4fb40f205407cc2d71914afa9e5b42cb72a0fec9c1de	6817
bin/demo/graphic/pc/p2/motion/p2_hrs0006_00_center/d150_p2_anim01.tranm	cdab8ccdfb6039a586dcd2dea919ba2e518511fc6ee63aaea5dacc5c947cf1ba	9757b6ff71e0c2428949f9fda337b5f3da43d6cc2bfd06bebc363e162feb1527	8402
bin/demo/graphic/pc/p2/motion/p2_hrs0006_00_center/d150_p2_anim02.tranm	27e5422a9ab1e62249add5bf7fced11de045eed88914a1104365c3f50ec3d2e6	9823784c33d37a02c65d0a6ab254c22ee4c5c3282f775f186950ecb1f0ce95bc	8168
bin/demo/graphic/pc/p2/motion/p2_hrs0006_00_center/d150_p2_anim03.tranm	26347a692917c273100770cb9134f0926d454c5ee308c4281e8dc3c1910d3f62	ae73c8a4230b3f0e3fa8cbe4ce2e563e0804ea240a92298528ab11ff3b25b787	779
bin/demo/graphic/pc/p2/motion/p2_hrs0006_00_center/d150_p2_anim04.tranm	78345a53a8d4fded1828d753107ce7cc0883d5ae5632a0b2838c2cbfaea9b74e	eee1ad181562976ad46027e1f9248aaaf7c2fd5fc729af820db713b47c5f8c8f	5360
bin/demo/graphic/pc/p2/motion/p2_hrs0006_00_center/d160_p2_c001.tranm	279309de744369c7ff1f674e01d626c12f914b92fc5b11c4c12acdc13e154f77	bc7b52ebd9ac592f77450ec764ceb9adaaafdb024179331c8105fbca248364a4	13345
bin/demo/graphic/pc/p2/motion/p2_hrs0006_00_center/d160_p2_c002.tranm	5af1ba7a301df92327e91636441ee61f8a4bbff423da03cac05b45309b9790cb	1dd8cea94e8f1e81c50fcd6d3ad4702e320159c3852022f37270c948896b6588	11243
bin/demo/graphic/pc/p2/motion/p2_hrs0006_00_center/d160_p2_c003.tranm	7c3d9fa4107819457aa5ab7bbb3b4be0f612a0f32f3b9e819d122ad4162ce54d	d16cf29a655d51bdd5d062962bc6db81754d93158cbe180cea6227b177c98275	2361
bin/demo/graphic/pc/p2/motion/p2_hrs0006_00_center/d160_p2_c004.tranm	115e0c36c82bb6cb19968ce4aedffe207c42223a5c47c3064c7b3c05b53b55c5	7729602628f67766fb39e006fb7f3131681c3167a62465aec0db758fee36b2a5	18637
bin/demo/graphic/pc/p2/motion/p2_hrs0006_00_center/d160_p2_c005.tranm	0147c6e08d0e148c3962175d006932d77c0392af6d36eaa6a3daa2923c28f642	7067448f48320d9f56e4d5de1bd9c709a669f674aa8c5e2464cdbf1bf7443a4f	15785
bin/demo/graphic/pc/p2/motion/p2_hrs0006_00_center/d160_p2_c006.tranm	8339e8e0779f2c23bf254e4ae54c2627359d96f6b2701cbaa60175de0eae1257	61314d736778049f54ee9cf2feefe26030004e815c514811ed574a76e7c28746	13609
bin/demo/graphic/pc/p2/motion/p2_hrs0006_00_center/d160_p2_c007.tranm	f7afd7d6ee347768ee76da21b22a58f185ca7779bd7a04e918720fdf6cdd92b2	2d5fa333ce55647f068f085433b08447a0141dbe64b1b93e77456e807a3eb3c7	20119
bin/demo/graphic/pc/p2/motion/p2_hrs0006_00_center/d160_p2_c008.tranm	1b277bf9c20174830e3493fff4ca9a6842ced489ce31e1d2306c4cf9ccf3f026	ddb6744fe7a63d694cbc71efe82de793116e41125e3dcfd9df58d1aaf848109a	28969
bin/demo/graphic/pc/p2/motion/p2_hrs0006_00_center/d170_p2_c001.tranm	7e2d046700bae839dc9a2114b6da73257c2670c7649d11c65ab9f74c84d763cc	3581a4ff866dd6e6ba90ea4c59e2c31191ad06c5b0f6d19a7a1aa39c17f1b130	3745
bin/demo/graphic/pc/p2/motion/p2_hrs0006_00_center/d170_p2_c002.tranm	8dde4ae9a1ee7d65238500004c451a9a4ac3032ca5768575692057269f8cb8e0	dc4923e51cbe43d23509409f3a59ee628d586b8d645b6788dd481ae61bc98fcd	10711
bin/demo/graphic/pc/p2/motion/p2_hrs0006_00_center/d170_p2_c003.tranm	16b1d69b30ae0946f65b0388e324ffc24bbf17e4f779dd5134bc14f8584d5a72	ba544fb24413895b0f5b43087cc821f741ff772fcf12914d7a5fbbb96ff0239e	13539
bin/demo/graphic/pc/p2/motion/p2_hrs0006_00_center/d170_p2_c004.tranm	b76d5cde151105a3d88d79029fd8a85f1023eeb0d8f60311bd28e8aeea8460e8	95c641b4a1cbd3272dc1f24c684e87aa17924005cc8c26aac8a3609fdc607597	8187
bin/demo/graphic/pc/p2/motion/p2_hrs0006_00_center/d173-175_p2_c004.tranm	4f84cfccd7579a2f8427c8da15e0ba045c429de8d65a873a1f7fc2d1a8c4d619	95c641b4a1cbd3272dc1f24c684e87aa17924005cc8c26aac8a3609fdc607597	8187
bin/demo/graphic/pc/p2/motion/p2_hrs0006_00_center/d176_p2_c001.tranm	5e5aa50488d213610ebb14704bb5d8f9fcd1212c3a9ebe25b79945205a08eb57	e253d0f678cfe72cdb219e72b1a230c72fdb8de6a17f58b4de1348220336c961	5529
bin/demo/graphic/pc/p2/motion/p2_hrs0006_00_center/d176_p2_c002.tranm	e4a499a3b66df303fb38b17b68a47d4fa75c8badf103bc678133d54831a8a4d2	53917fe91bf9905364c506bf7ac7ddabbc45162ef99f517bb43e35bf3561dc32	10967
bin/demo/graphic/pc/p2/motion/p2_hrs0006_00_center/d176_p2_c003.tranm	d8dfc72dd2c151d8f68b0c436cb24be20c97fcaff70e727a8da97f10002dd7cb	f88048d48630f1a7452ae7651be3c741a1a4973cbd026b8ef5e3da6b84eda58b	13447
bin/demo/graphic/pc/p2/motion/p2_hrs0006_00_center/d176_p2_c004.tranm	787f2275c63f47d4138fd7265bf22388621d080b7402906197e1d2f555d5220e	a97875ded9c1e4701e087510b5045e864f227c099da1d3719abc18b1a85fa9ac	8211
bin/demo/graphic/pc/p2/motion/p2_hrs0006_00_center/d200_p2_anim_c004.tranm	6fad168caecf4e08cfcf41893ccdc47090b1a0416cd6be5aed85821f9a04d26c	a3452d1c09e85017e5f75cfe72600bd783262d957f91473c951042e7c29bc9e7	23496
bin/demo/graphic/pc/p2/motion/p2_hrs0006_00_center/d200_p2_anim_c005.tranm	7f1239ab73802e62a9c664003da3556a2a2b8d8a58400067c3718a48ecbd325b	2280489d5d97f72868867acb2be833e2da474085fc2f954f32027684efb3a52c	25248
bin/demo/graphic/pc/p2/motion/p2_hrs0006_00_center/d200_p2_anim_c006.tranm	c2b4bf3fe7296bf1504f3fdabf732985fec1906c2d127bd9bbc58c62eff3a257	c4ba8c7bef9c57d34eb2ea21f7b51994f3ccd3fc1972812362798059a5339ce3	21312
bin/demo/graphic/pc/p2/motion/p2_hrs0006_00_center/d200_p2_anim_c007.tranm	0134e632af73e6de6ff23b71150003e2ee9644baad2fc77c3accdca99615cadf	5afb1fb0528f63a2d418f5944b210dd7c4acf5d5420b9be6b97dc4d436c9d2f2	27030
bin/demo/graphic/pc/p2/motion/p2_hrs0006_00_center/d200_p2_anim_c008.tranm	ef116c589b5fc15d947a5a5fc4e209d88829f089a6f8f981382cd1d4c742c899	7fe51a921c83b9aac5c397262b5fe72b7ab448105fc9d4ac8363429bd7e78638	17542
bin/demo/graphic/pc/p2/motion/p2_hrs0006_00_center/d200_p2_anim_c010.tranm	93be8638b310b0c0560b699d6acaa6c0201199dcf3f3adef700daf3ca58ce122	5cf57f049f066609019743347afcb4d53a51d6035d1c2362b286b7fdc2011d8a	6923
bin/demo/graphic/pc/p2/motion/p2_hrs0006_00_center/d210_p2_anim_01.tranm	cda77b01c1f69809cda29f21e4612e05c66592156449dd088f0f42f46260b674	ea355647f4edc6430e084f481c55cd6993531b2a2698e6bf9bb83bf333488e5c	14164
bin/demo/graphic/pc/p2/motion/p2_hrs0006_00_center/d210_p2_anim_02.tranm	507a7307b89130a435ef6c51fe8c246fafa5abd96da0cea8505bb496712a52c2	7ed7c01dfa567eb37480c6595489944a7dfe0a51f551579352aa2b33bcdad2f0	2632
bin/demo/graphic/pc/p2/motion/p2_hrs0006_00_center/d210_p2_anim_03.tranm	c391b63593ea25d184c8d80ba5b60e1775729c65e294500dd84d44f7b3d29f7e	413fc2860d02ce06a7915c76bb2b0c34ebacdc9f2a7399e3a36c185b6601660f	23844
bin/demo/graphic/pc/p2/motion/p2_hrs0006_00_center/d220_p2_anim_c01-c03.tranm	8c4b6c657f094333e20a3013acd2427f01fc1eb8601738fe717e52a050111e26	132ae082cdffc8b71caa5d2f62336739148f844be18004c598952aa23b54b935	10904
bin/demo/graphic/pc/p2/motion/p2_hrs0006_00_center/d220_p2_anim_c04-c09.tranm	72269f662aa7416859cd5a347a9ae766a605c55bfed66af62ca09b430faae0fc	080cc76fca000373be44ef7d666f9e877a965e29259cb3e19c579ff4ee7334c0	20422
bin/demo/graphic/pc/p2/motion/p2_hrs0006_00_center/d220_p2_anim_c10-c12.tranm	8286ee0335f852e4d0fbc813b47afb29832ad71ca4b3e69261cf8977ff978c04	ce3f9f3e01493cc6ed20c008e7dc19231295d6357e33d0db6f279da4df9b7d99	9502
bin/demo/graphic/pc/p2/motion/p2_hrs0006_00_center/d220_p2_anim_c13-c18.tranm	6c772281a9de4d6bbe00c0decc051f856c906383e2cd9a8a6c88d4a275e09e51	1453abfa5be7b881b5605f6fec7acbad56c4be3c3c5ce0687ab96a15256b7840	29146
bin/demo/graphic/pc/p2/motion/p2_hrs0006_00_center/d220_p2_anim_c19-c20.tranm	75602df7e6215001bbe0084bf7b015f8c15df0fa0aef0cdd4000a25096ab81a1	9d3ce499caed6055286788e054c674de2dee14e870dc623cd0c0438c69c05908	23124
bin/demo/graphic/pc/p2/motion/p2_hrs0006_00_center/d220_p2_anim_c21-c23.tranm	e238cac18eb024c22e065a0908948314e5792b94911b1e1b187c1f784ef55ea4	d44991ddb060e7291bae1775129bb13539f789bd2c3fe5cd42478061e0ad6bb6	16563
bin/demo/graphic/pc/p2/motion/p2_hrs0006_00_center/d230_p2_anim_c01-c04.tranm	1faf2fe352b21ee81de7c98c8b976a7aaceba0c14ea439f55896357518529b46	f31254241c8c5eb722ab345b318a3c946888543c953e4c89bf895caa55287c8e	30762
bin/demo/graphic/pc/p2/motion/p2_hrs0006_00_center/d230_p2_anim_c07-c09.tranm	2ef5f7012146fd4037c1f4088b6eff31c7d580646cd9daee8717fa5a726b7cd2	b07e7f85d11241e30a91d5d461f555060fca8e0da2e4527f8e42d25484e31baf	12805
bin/demo/graphic/pc/p2/motion/p2_hrs0006_00_center/d240_p2_c002.tranm	cbbd5cdc37e1ebda9975e5cc81de8b87ad18104126228fcd36d50be4e1c82148	61a80405b594427203fcedb3404c7a155cdcf6b39e972d770241ef42d49adb2e	16625
bin/demo/graphic/pc/p2/motion/p2_hrs0006_00_center/d240_p2_c004.tranm	35436c563f9f50b12301be7afa4eeaa6f7c783697aa0072ac20dae0ddc734bdf	4fdf76216ebea9caccac3ced40f7ebeebb224468106db6c241d6cf914ee78204	12747
bin/demo/graphic/pc/p2/motion/p2_hrs0006_00_center/d240_p2_c005.tranm	0ed5f4d9c4d0b8dda8db92601042746f2170ad693f99d14f1efe34333b632f02	41f9f5d92b490b7331f8c31185e6214667813a318c201ce7ad997400cee43290	22421
bin/demo/graphic/pc/p2/motion/p2_hrs0006_00_center/d240_p2_c007.tranm	7a666400dd8320067d5bcf93906c6b8373d9d36ca7ae043dbacaf59598a3d7dd	8ebd325ea8c0b4eb41ed81265534d25d54aca37b644a89b871878dfba7a69de9	9267
bin/demo/graphic/pc/p2/motion/p2_hrs0008_00_team/d020_p2_c001.tranm	76a29950218562b37c1a18f54d714011954ae46df94458b481be190645ad3a29	a08b26921529123da7d3688687f9db441a5133f48d180921e5b9dc0b9c87519d	18063
bin/demo/graphic/pc/p2/motion/p2_hrs0008_00_team/d020_p2_c002.tranm	34bfecc488673a0bfe517a2fa987c28b7a02dfa2cc1948ee46108ad5e897abe4	6e6e27dc618ea48c490b8b8bc016cb0385ed2bde4a2980a7043fb990ed6e1776	11277
bin/demo/graphic/pc/p2/motion/p2_hrs0008_00_team/d020_p2_c003.tranm	fb7e1dd33989d720cab0d57df8c0c95454af7114366eafcee7a1744e34e08522	2cccaef975c6afecccd47244d039b84c332e1a213b769c1eb772612b2f9c0caf	10938
bin/demo/graphic/pc/p2/motion/p2_hrs0008_00_team/d020_p2_c005.tranm	bddcc6a9817027ae20efd3481f55887cd059d89fd6e9fa72c41e74d277e89b39	1c9088ec9de295f0a4e7745b139146c281c8dca4210959c3b458ee0bceae7862	14951
bin/demo/graphic/pc/p2/motion/p2_hrs0008_00_team/d020_p2_c007.tranm	d5733601b9ab798c879273477010a00786a89dae210a2ed1bcd74cbcdc047e44	5c22ddc09dca81d9e5446be9dfb5581f140bfb830296c883b892356d9e13646b	4322
bin/demo/graphic/pc/p2/motion/p2_hrs0008_00_team/d020_p2_c008.tranm	a8d74b0c555927e9b007405e6e060459ebcf0720cab75ce2389328f8599181cf	cf041a96bc34ed35dc783462fd176eebf9ba142fbdfebaf0a470b271691ffbbd	4958
bin/demo/graphic/pc/p2/motion/p2_hrs0008_00_team/d020_p2_c009.tranm	e1e3215b770760b3fed6fdbd27c9e89952cc86293a8f4e0068907eabd6704da3	5078503cbd6a6a24bc577ac1bc8d391159de5d795e606a1c6d1037d175be85f3	8690
bin/demo/graphic/pc/p2/motion/p2_hrs0008_00_team/d020_p2_c011.tranm	48df0b3705f70b0b807245aeb5eb94bf8fb4e957e154ed9e7a4b822f042d84c6	7a31e5c63eeaa83bd7f8bf4dde5264839ad2f18343d91665c59aa9c8f3ebf950	4707
bin/demo/graphic/pc/p2/motion/p2_hrs0008_00_team/d020_p2_c012.tranm	2f8ae5bbd555fc3a2c1cfb352d508262d4fcaee2a10550302e27396a4320e850	79c5363e975b4b99392439f18884924394cb673951e8e362404d0721cff3f555	14246
bin/demo/graphic/pc/p2/motion/p2_hrs0008_00_team/d120_p2_anim.tranm	99513a4ab74bd81b4afb20c139dd28f617286331c98c3d970790b32a9b804453	bf151bab8f6c3134fd6eb0c54ab5b3b2d294dea640ab14afe602bf0a9da684f7	84311
bin/demo/graphic/pc/p2/motion/p2_hrs0008_00_team/d130_p2_anim01.tranm	2855e202495410ba99ed44c3525df7fa8cec935991f083210900c732789bca6c	a1ed0cac36c816b7d08334de59491e0441b01f8df0290f9379dfc8a53a774ffc	59750
bin/demo/graphic/pc/p2/motion/p2_hrs0008_00_team/d130_p2_anim02.tranm	9b4f2cf196adcfa93924f784d2b59433db1d4025b651e969dba9844bab8fa7c3	06d0c888c9fd6a37dcf36809f43a0835d6aba5c27d528cfd70411e1e4c4489d1	6768
bin/demo/graphic/pc/p2/motion/p2_hrs0008_00_team/d140_p2_anim_01.tranm	53c2a7115c0a8ab31ab608602468a547bdd38e19e9c53ab1b1a5456a6e92d31c	63e182e089215138a3f4461afdc7ffdaba30e9eb36e0dd4d3365d3b8ff604a1f	6564
bin/demo/graphic/pc/p2/motion/p2_hrs0008_00_team/d140_p2_anim_02.tranm	17a12daeefe69cc575bdde49ccb485329b2e8eb2424494c74016e6f37c36c060	e0c42c3057b1ddf0239bdf98126e8840b3528ee6f3aff9697b13b43ab02482da	10712
bin/demo/graphic/pc/p2/motion/p2_hrs0008_00_team/d140_p2_anim_03.tranm	774e9d5f8c532685ed38708b5d6d43d90e887c7fca571031f8bb29b518216242	49ec286fa54e1eda2cf4ec4bae780ae905f2de7b25d1027ae9909241746cd9de	32270
bin/demo/graphic/pc/p2/motion/p2_hrs0008_00_team/d141_p2_c001_anim.tranm	a79ebcd716558b9b10c2be2669dc447530fa8e2fa46059e6098e82681fb11689	55a051a033febee73ff6ead688d6c71782632241697ab96b60af1edaf605e8ad	14845
bin/demo/graphic/pc/p2/motion/p2_hrs0008_00_team/d141_p2_c002_anim.tranm	95e1e23425b5b007c4025a60dbb6952084037c9dbfdf67f094ec774f93f597cd	c73ee9d816de032cbc5c16812ed490261e1e8283bd446080449022416acd572e	12269
bin/demo/graphic/pc/p2/motion/p2_hrs0008_00_team/d141_p2_c004_anim.tranm	1a3753302735323ce3918b77c437a1d65e8b0a8481c728e7f41ffc956db2b204	136de613224841b553e57766901cf589ef0b8d5970242341049c0f380ba3c263	9707
bin/demo/graphic/pc/p2/motion/p2_hrs0008_00_team/d150_p2_anim01.tranm	ca28611cd7f82201753cbd0e594425764dae1b035faf2aa3996ce6894e26970e	ad18a6af6fa134fbadf339f32739e8026ae919754dd748f7e12c6432db0ac7cd	12098
bin/demo/graphic/pc/p2/motion/p2_hrs0008_00_team/d150_p2_anim02.tranm	e5a274f0a346c048764ab852cab3ea2f465cdbfe1f8f68538df2410bdf7fddc4	31f137689e9db0b24b20bcfb283d0f567a3e3cb43686c61f99afae563ada2212	12544
bin/demo/graphic/pc/p2/motion/p2_hrs0008_00_team/d150_p2_anim03.tranm	1f86f22efd9a69ee0517179ff5e32767b5f3f481ddc571694cb68bff0aeec295	61ba13d8df81da3cf60a268a8f1c14dd44f5433c485885f1381d0a7fc06a6fb0	1262
bin/demo/graphic/pc/p2/motion/p2_hrs0008_00_team/d150_p2_anim04.tranm	1048eab2908b31b53cc5113dc1128528ad1173ff9beca13bbe3b3f35f9e0ac42	8a2ec65cdd31ba74e117fed18c31f39e6aa38aea454f7058053fa561c520d21d	10224
bin/demo/graphic/pc/p2/motion/p2_hrs0008_00_team/d160_p2_c001.tranm	24a409fb3c03ab268e61fa7d0cd11f00054ceff1c4aaebccf6e7adf2dcc948d7	3d11081847184d1fbfaada47e3e11c6dad016eab1f509d8c1212b63f26107694	13435
bin/demo/graphic/pc/p2/motion/p2_hrs0008_00_team/d160_p2_c002.tranm	3e48d3aeaafbe37850338859cc8cc73fa7ff0cad1eb0684a8cdb881493f09a75	423acff8ae60ff14cc0df6ec9a80719f793c8f016a257792cf7e5776fcc12c74	16233
bin/demo/graphic/pc/p2/motion/p2_hrs0008_00_team/d160_p2_c003.tranm	f17ba09578a2e285295cfaef7b4c633c021a2a78a3361ea77850e2a65cb0c602	0c85c10e8cfdd4f63076dd9a241aaea8f1af4bc31d448fda8a5c33f8d12fd7e2	3122
bin/demo/graphic/pc/p2/motion/p2_hrs0008_00_team/d160_p2_c004.tranm	6f808c0340c8ac722e02a7721d5233844b49a96307de78ce767492011b5b974f	99700bb25026aeea138bcdd535911bae739c066c76dcb2c28cde5a2e7ecb9ae1	30639
bin/demo/graphic/pc/p2/motion/p2_hrs0008_00_team/d160_p2_c005.tranm	4e224807735b552c2ee0f0f3907ab826689e62824329487769f22880e0d62c9f	5e420e2b420eb258ebfaf628f7cba0d8e631a08e684b51ad3f0cab8a8b4c5a3a	24171
bin/demo/graphic/pc/p2/motion/p2_hrs0008_00_team/d160_p2_c006.tranm	d37972e5451d68e57a44e644b68ef68bbc4f6861a89daaac03021027a83324cc	e8615dfbc20e6ecbee093bf9d26cbfbb6647671e1450894c3dc6e96cdf6c2c74	19563
bin/demo/graphic/pc/p2/motion/p2_hrs0008_00_team/d160_p2_c007.tranm	975b55a3fdcf5133a04a8909d45b0bc49309c77bcf794e3c7d460eb59c73cc32	22d35d86fdd8fcad6009f1ed859a0281d8d9759f863d3886a9c5a9345e1ce8b1	28741
bin/demo/graphic/pc/p2/motion/p2_hrs0008_00_team/d160_p2_c008.tranm	8e4d599879bff4b1d197342c23ae7379d45666316649a520d2238fef411794b8	60c3cca6c3425fd95531379ab03bbfcc8ef5bb4a7caff50cbc1208e9d811a395	44955
bin/demo/graphic/pc/p2/motion/p2_hrs0008_00_team/d170_p2_c001.tranm	f041b82a02a2d884308e6193b0a654fb678d426cc6bfe91a1831023f62aeb8d2	45257a32008962d45a47a8e042c10e6f5a68377c1381d12f068535e9c42be317	4331
bin/demo/graphic/pc/p2/motion/p2_hrs0008_00_team/d170_p2_c002.tranm	5f03d23902e3314182e2a42f21b15bcb145d96d1866662ccef2181ae0ac7c497	5c2afaaa8d9ac5c880c07a1e3365e06e685b16d3cc35d8024272289050ba969c	18093
bin/demo/graphic/pc/p2/motion/p2_hrs0008_00_team/d170_p2_c003.tranm	ad4a583ec4754095dacf31327ffb3c1214b517682d1f4dd93e15425f63aa9868	454e8f67867c82b8c5369c08f55bf6d879539188131867cfd82b42cb0a34b1fd	18761
bin/demo/graphic/pc/p2/motion/p2_hrs0008_00_team/d170_p2_c004.tranm	4104772e9f2046657fad27d4dcc9322ee9e6c727c555176aa953fdb745da3ee6	9ab36cad1aec6cd8c6d3936ff7f26bb5bcedf0e5465a300f90f5982fbf35fcba	17857
bin/demo/graphic/pc/p2/motion/p2_hrs0008_00_team/d173-175_p2_c004.tranm	266f72063de031b12f7eb7581afe499415c41451947bc5476f5a1b154248101c	9ab36cad1aec6cd8c6d3936ff7f26bb5bcedf0e5465a300f90f5982fbf35fcba	17857
bin/demo/graphic/pc/p2/motion/p2_hrs0008_00_team/d176_p2_c001.tranm	0bfcf02610e969276289f120adf6724ce31ee2b7100d9c04f024931090bb7ba4	7d0634c8909748b8732edb71fe975215fe2fa5df8497e670c3109f47e7bdb650	16451
bin/demo/graphic/pc/p2/motion/p2_hrs0008_00_team/d176_p2_c002.tranm	5b472b62b83ad2d9ac4162fb07721e4fb8afffcfba4ce0368ca0ebc7f29ed03f	649736e4f43efa3fd98b748677a4a32303e384eb6e59d0465193c3b9d5b02829	18349
bin/demo/graphic/pc/p2/motion/p2_hrs0008_00_team/d176_p2_c003.tranm	c50c31c8ded28b8d9c8aaebd5b37955f1efb6a538e9aca258466ab7abd473c83	d6e4cf7db61b3e46cf78f4e6c6c11531328f3008e6a615ead78031cd0eb6c9aa	18458
bin/demo/graphic/pc/p2/motion/p2_hrs0008_00_team/d176_p2_c004.tranm	55830d5be41f3b7f48760f8a87a2484429e1128a0857ec67145dece29d601ea5	2690b2fefb0b3b8d3ab3057a6e7a4f5816c843588c664487dce225fcce5b2152	18329
bin/demo/graphic/pc/p2/motion/p2_hrs0008_00_team/d200_p2_anim_c004.tranm	29c06f2cefdc1df14fc8db74e2f305cd219ec3c8c1468537e632cb88ad7d32fb	e8e2b062a9ac5b182aedd124fbbdaddf0af85be7a788f1885ed96be450b7f640	38536
bin/demo/graphic/pc/p2/motion/p2_hrs0008_00_team/d200_p2_anim_c005.tranm	556c193f418689dfcbbc1118071c2d2f1348efa8d096fb17ba9c2048e3604842	2916d23986e3c1f86c22b7f75399dce8fec93d138b69a9671c62744267537e00	42104
bin/demo/graphic/pc/p2/motion/p2_hrs0008_00_team/d200_p2_anim_c006.tranm	8fd26b118cb21538c966a8e4b741dc114515baf31dab933a88a97c680f1c88cf	c4ba8c7bef9c57d34eb2ea21f7b51994f3ccd3fc1972812362798059a5339ce3	21312
bin/demo/graphic/pc/p2/motion/p2_hrs0008_00_team/d200_p2_anim_c007.tranm	6542d2fa84bdad2e8bd1bd1ed04d00639137b93d9a2d3ac3131377af392cb5a1	1f01e75fd671d563d5d4fad1e99fab8350b3fc1a80dab9db23ae303413142b55	45882
bin/demo/graphic/pc/p2/motion/p2_hrs0008_00_team/d200_p2_anim_c008.tranm	3698c106c64c2c1417775a537d5628dfff249ea715781ebb865a758a5b602abb	c0008fa9372a942963f682332e34a49092482069a814c0546fc487c6160d7597	36514
bin/demo/graphic/pc/p2/motion/p2_hrs0008_00_team/d200_p2_anim_c010.tranm	61ed0745d19a7f40e3ee9d5decf805c669525b0e6f76ab3167a030ae25c15998	906acad04093bdb56c0e001c071d391aafa769c9c5b43392e0c7e5e55bc1b7f6	9574
bin/demo/graphic/pc/p2/motion/p2_hrs0008_00_team/d210_p2_anim_01.tranm	1057994b58c8bc8414041a3921a1440aca8ea21d1bf52969fd2055c8596ff920	1c43fce00f8712aebd5d3eee6dfb8751752e34733a0ffa28c3ca3ee9eb559d75	24628
bin/demo/graphic/pc/p2/motion/p2_hrs0008_00_team/d210_p2_anim_02.tranm	c26e189426ec84dac08c0487fabeaa105d5b234f87146e31cf4d5152feb054d8	8054accb065d4c668c81ea96a8e2ba3b32bc48664464690648714b8ecc28c2bb	8172
bin/demo/graphic/pc/p2/motion/p2_hrs0008_00_team/d210_p2_anim_03.tranm	a6c9d215ce3e8e1e3be0b2a27c33dbb8db07b1a2013240674d4ad9f012f1d8c7	e3d3ba9f5ab4605fd0d538a3f61319f77f3afd4548578eae8d33fa935eb025c4	36125
bin/demo/graphic/pc/p2/motion/p2_hrs0008_00_team/d220_p2_anim_c01-c03.tranm	11866340c62506f2cb6b611257d674cc98a2eff1bfe2da40cd62a0f95afa4fa6	73e9c91dafa485c0255bb3c8d48915f1f28f5ce2e93309f8e19fa79615bf71bc	14888
bin/demo/graphic/pc/p2/motion/p2_hrs0008_00_team/d220_p2_anim_c04-c09.tranm	6b3e21956664b8746f54d0379a74914bcb8870dc3433d6d9c4c2ab62bb6e1802	f5591e61b0f7978e9e161c4fcf9c8f813cacdb066af1688df6d209702ef44cdb	31762
bin/demo/graphic/pc/p2/motion/p2_hrs0008_00_team/d220_p2_anim_c10-c12.tranm	a919ceb8dc3da44603735e8f0e52944a23bea13b2da9113b17a63acf7a352c88	45a3398a7dcfff44af9f3067098d706c3e4e18ccc8eb4595d00167a00912084c	13626
bin/demo/graphic/pc/p2/motion/p2_hrs0008_00_team/d220_p2_anim_c13-c18.tranm	09388054fb94baac85726efb4d8e54d2271044b6683e2db393335f42bc0c8fbf	24957d01b9905a8511afb3e7f853796937d1ae3790b93e03f4eda7eff10e13d1	44830
bin/demo/graphic/pc/p2/motion/p2_hrs0008_00_team/d220_p2_anim_c19-c20.tranm	7db61582fa0e84ec4b35c9a1e8c571d50e27728e059f1aee78c96e2192b29146	154f884f97fdca7e7b316e173b56d89e408f8062bcc03be95d424b50f7733f3d	30404
bin/demo/graphic/pc/p2/motion/p2_hrs0008_00_team/d220_p2_anim_c21-c23.tranm	86dc8724c9a4f03800136979cbb0cbfe723688f1dda4fdd84c7e6124d5aeaf51	17f7b1b82d9b0668286dbf78655b7939e4aa820a41c8089f7c2a71106469c45b	30625
bin/demo/graphic/pc/p2/motion/p2_hrs0008_00_team/d230_p2_anim_c01-c04.tranm	8a89bcb92693e13f76362bdd28f39bf676a74543d1de096792e46a031479ac87	1ea3b0480335d0f0ae8a053b7d81eb19f353c96e6a6d4850e3983ff2ee1d790c	42558
bin/demo/graphic/pc/p2/motion/p2_hrs0008_00_team/d230_p2_anim_c07-c09.tranm	6deea0832e17236d43e977686c908ea53e625a5939de17c95d52711cd9fab9e8	fbaba220bb907f4767d66a7fe9e84c2d58a9daf039909ebee8e28ca63eb9fa9e	21983
bin/demo/graphic/pc/p2/motion/p2_hrs0008_00_team/d240_p2_c002.tranm	4f5c61aae2993a02d8ba4bd3a9e6e5f67912de32f6715966ed35ece12b868b6a	b65da8b385e12e02a26a3a74a814ef71923c8c68c59619c0b0c2be32d84ada59	35499
bin/demo/graphic/pc/p2/motion/p2_hrs0008_00_team/d240_p2_c004.tranm	2ff9422f661f1fe478fe51bbe6bf8412ee99195eaf109b66b03eafc924f6539c	173cd371d919b38ee7a46bfa3c831a9ff634a341997be0a04dd448da6e66e68a	22769
bin/demo/graphic/pc/p2/motion/p2_hrs0008_00_team/d240_p2_c005.tranm	c0c2026a6033dabb94d89b44a87f7b49949cc8e363de0086706d0a43be59e829	46dbf5109d027e02b59cdc4445c997d23cc8cf8cb5f97baadcf2a430e9f4f738	41023
bin/demo/graphic/pc/p2/motion/p2_hrs0008_00_team/d240_p2_c007.tranm	4d4b88eceeb98d1249b92d9b6abbc03652235b52221a12865cc4d4ebf520157a	06d8670bc3012a4424e69f404dbe6f09a581e68be97f842072fba0aa3049953e	16649
bin/demo/graphic/pc/p2/motion/p2_hrs0009_00_blindfold/d020_p2_c001.tranm	700ed457de0bdff1c48e91626422b86f4593e908f7a443461abf3a831d7d0e3e	5e02b6ac3bf449df1437fddee529c03e4e1580d27e41e62e77d31db64f18965b	16252
bin/demo/graphic/pc/p2/motion/p2_hrs0009_00_blindfold/d020_p2_c002.tranm	611a354da215d8ebf30ae3994bf53c691b3426e9942806d060c0d9119cbb1dc9	f81cd36ab25fb5a7fa2b1388cde1fbddd4a21e92e2bd3172a88aa87ecf58bcfb	10675
bin/demo/graphic/pc/p2/motion/p2_hrs0009_00_blindfold/d020_p2_c003.tranm	57f8fca4880bf86c6d6d973fb28dd0a2e3552ae8aac6c193785f62a75aca58e6	67a9ffe370e2dcf1f865e2d8fa8dbfb341d96646d3721e104f8317379d5d252a	10215
bin/demo/graphic/pc/p2/motion/p2_hrs0009_00_blindfold/d020_p2_c005.tranm	d5b9b00521afc7c81a867615d27946919d49c942ef2caaa3a190760b5b31b59f	f6ad1fee34585f0cbd97a379a22743dd8288b5f9b744f5bcfa4173f99541ff2c	14305
bin/demo/graphic/pc/p2/motion/p2_hrs0009_00_blindfold/d020_p2_c007.tranm	8d9fa5fa207c1566700be599d5c263f06da64f9f399ee1c39e912476f36c9ff1	3ec7a3b577d27c362b94a2cb4e2c449ae90120e9990559f16b62df119418bfb9	3381
bin/demo/graphic/pc/p2/motion/p2_hrs0009_00_blindfold/d020_p2_c008.tranm	1db5d748d29c22d3d76045e741ecb02c4df7a42163d9f409712e0e502bba4be7	94e05c0a561663d35e1cfb189ca025fb3766e3e2489d32b5bce25f06815aecb9	3927
bin/demo/graphic/pc/p2/motion/p2_hrs0009_00_blindfold/d020_p2_c009.tranm	6cbc60baa7e0b56ace319bf94bc4deca54498a051cc77dfa62d4d8e9ccc1fa86	77b01744f491abaa9b715a3d84fa0fb0208c89874c225a134a3e6211e82e78e0	7839
bin/demo/graphic/pc/p2/motion/p2_hrs0009_00_blindfold/d020_p2_c011.tranm	70228192b38c28b56450941b9ad458894ef4be830ce3a2d8627dcf5736e4f1c3	a337907661a9c667a59cb2e732812224655e61be862a81432eba50b9a4b71ed2	4037
bin/demo/graphic/pc/p2/motion/p2_hrs0009_00_blindfold/d020_p2_c012.tranm	73c03b8bb6a57bd11d3e2e2ecd34d37715cecce15a6b312ddae9854c11058cc2	75c775b790f5bfd5258b618be806adad3fcf1840a70c40c16fab99a3a078617e	12675
bin/demo/graphic/pc/p2/motion/p2_hrs0009_00_blindfold/d120_p2_anim.tranm	5be947cfdcaeabf7f9e1ad41462d2c65893bcdace476f440b16ccebc285cdc82	ffa76b932769c62ebf503dd7fc555282674831ee9ca936c425b0d3fff9faa1de	36132
bin/demo/graphic/pc/p2/motion/p2_hrs0009_00_blindfold/d130_p2_anim01.tranm	133fbd78c07db0c3b2340d8dc447ffe9deeb0044349a2915052524f012ece402	1390475a8fb7c08a3b67c1a256bff67a83aec1b7c7b9c405f6b3d1c083d9268e	21552
bin/demo/graphic/pc/p2/motion/p2_hrs0009_00_blindfold/d130_p2_anim02.tranm	4ab19338fce5dfb0393ead62b14c6106ce48bc78c3a1d488a75c5c4be2e94ace	2b8cb7c5da2a665427f613a057d7bc9278bc1a568389104b34ce9b6f76f975ac	3436
bin/demo/graphic/pc/p2/motion/p2_hrs0009_00_blindfold/d140_p2_anim_01.tranm	ee1b489dda0607b1ce8df78adfbe1cb86ae35f83b392c10d208b65c4863963c3	be90236aa90792e89a0353cd8c91f721f456efcd0d45534481b124e4d7f10c34	3420
bin/demo/graphic/pc/p2/motion/p2_hrs0009_00_blindfold/d140_p2_anim_02.tranm	da45e83a4056fa82f0fe25ae567c4f892bd96447245de3f3315a7f474c155b63	8de84d3cfb8fa92bbf48094ace9f67b5b7774fb2a49bf974592eb94dfe6ba2bd	5192
bin/demo/graphic/pc/p2/motion/p2_hrs0009_00_blindfold/d140_p2_anim_03.tranm	9fa162ef6a452396790b913578dffa46cebe8ccdbaa36572d9901614f75b37c9	7f3d185dd4e40bd9df8b8f992c936c71f0382278831b369377f66c5883260584	9164
bin/demo/graphic/pc/p2/motion/p2_hrs0009_00_blindfold/d141_p2_c001_anim.tranm	6f3ef345069ce6e4e449e55f6d13de7430a51a9804d0d93dfa729f07b890671b	e59be51816d9b31b40f346e8d886d1b12b80c6aa3621deb35a39c87ffda44c9f	8708
bin/demo/graphic/pc/p2/motion/p2_hrs0009_00_blindfold/d141_p2_c002_anim.tranm	a2e4c1514d3038cb8cf238e8d72a97d00655d4994c5116a8b2de18c685c1eabf	182d8ad986dbcf28586a8f0a8cbd1d8aef821fe2c055c8a51d292ea936776d33	3649
bin/demo/graphic/pc/p2/motion/p2_hrs0009_00_blindfold/d141_p2_c004_anim.tranm	ef0bfda2136b729a5a2c10d512ff619257ea45db1fda4ac50b02b11ccfc6c004	4121329134b31ed1ea74044fd433791e9aea6df1446edbc2bdff9bbad3be58b4	4572
bin/demo/graphic/pc/p2/motion/p2_hrs0009_00_blindfold/d150_p2_anim01.tranm	cdebb99f5926d7db690e876f09dccbbb01e9e2ac09577e4a216630b7689e5e5a	f3bf066f693ba66ea743f9a7d0825b24ecc8bda57a859af716f91063f480d030	6776
bin/demo/graphic/pc/p2/motion/p2_hrs0009_00_blindfold/d150_p2_anim02.tranm	e6f81f9752f95be87d4b49ebc2fa1535825337ab82b7d0cca0139c42adbf5527	64b90ba199f228ce65a9efe450eb0dfc115b6e837e300e9c40355f0ed273f700	5960
bin/demo/graphic/pc/p2/motion/p2_hrs0009_00_blindfold/d150_p2_anim03.tranm	85baa72f489bd7203416feb7f16a3231478b2d6764e44f9eee2e83aab9622fa3	ae73c8a4230b3f0e3fa8cbe4ce2e563e0804ea240a92298528ab11ff3b25b787	779
bin/demo/graphic/pc/p2/motion/p2_hrs0009_00_blindfold/d150_p2_anim04.tranm	c7fd1202cdef708371caebd3195295bd3903b8031051dbf04bdafaa4553f94d7	ca1091c833ac10e16b22dec6d804f2d6bcfba12c46a58aec2b68b9eaad36a49b	3788
bin/demo/graphic/pc/p2/motion/p2_hrs0009_00_blindfold/d160_p2_c001.tranm	b1502ab624110152ac582af30ab2dcf1cfba2ab4e699903cda998f212870bceb	22578c594eabdedaf077959b235909c426c91635fe673b278b1930262bef7cfe	6100
bin/demo/graphic/pc/p2/motion/p2_hrs0009_00_blindfold/d160_p2_c002.tranm	bbe43f5a23f9b7a838cd638267ccea1c6d4fc9084a99019d017b843e2f3821c6	7476dca23028fa339d6e54035413b5f71d59e58e3e0f549369d4a85346777d7e	6764
bin/demo/graphic/pc/p2/motion/p2_hrs0009_00_blindfold/d160_p2_c003.tranm	5dfb38567801354a0fc0ce2a9f24d4fb7302282b9657be76aa0a53c556420ded	d16cf29a655d51bdd5d062962bc6db81754d93158cbe180cea6227b177c98275	2361
bin/demo/graphic/pc/p2/motion/p2_hrs0009_00_blindfold/d160_p2_c004.tranm	3cec15dc3b315a38084c44507d2546c99d44e6f49bf23425248e78c88cda0b03	9b1f393b1dbde5fe280bbfd549db7cacb5228f8d40f7d050d1a4f93e8df91e8f	12636
bin/demo/graphic/pc/p2/motion/p2_hrs0009_00_blindfold/d160_p2_c005.tranm	c857a42c5ed023a8aaf8f6f2a885ff1de03bdf593f367bd53ce16e5313ce96c7	bcaaba0699567440fbd7a6bd0dac59219e384c09eec45ef47579689e8f9ecead	9784
bin/demo/graphic/pc/p2/motion/p2_hrs0009_00_blindfold/d160_p2_c006.tranm	053fe27272351c5f99df561525783543468f6bce746b70165d83b2f1a2d57f65	0df803ed8af107ae2c0cdd6a7da05c0ad46ae382b7bff14b50ee2e12231ea12a	5688
bin/demo/graphic/pc/p2/motion/p2_hrs0009_00_blindfold/d160_p2_c007.tranm	9add9e1e5b99bed1b6d0b8d5513875c2cf91f99a73bb939a86ca9a784da78c44	ddd54303018d74c5f518ae2fa992d9d96b42ceb6690924058d9c6146f5f891f2	13488
bin/demo/graphic/pc/p2/motion/p2_hrs0009_00_blindfold/d160_p2_c008.tranm	6711d71893bc42f09887276cdfec1d65825c369df7740be84477f40e7acc1f76	99e4b4102f486e3e33b41a7595ec16dd2ee2b0838c0fc95fdcd67228f38338cf	19008
bin/demo/graphic/pc/p2/motion/p2_hrs0009_00_blindfold/d170_p2_c001.tranm	a4b25b2b769ba60fb475c9f4c202573968fa79bb9807ae0a3bdc07b657a78cb7	3e3a47dd5691ada4a5caa1fce4d69af13a1414571a1efea4cd6b3e35ad412fed	2284
bin/demo/graphic/pc/p2/motion/p2_hrs0009_00_blindfold/d170_p2_c002.tranm	c85d57bcbbfb5a6f27725967e6c176e3816ad8b75d128dbda6859c2eecd30e75	1e73d10e9931a64fa488a4dd49880b414f5f5098ee568d8a8f12bd1903892bac	7020
bin/demo/graphic/pc/p2/motion/p2_hrs0009_00_blindfold/d170_p2_c003.tranm	03e8d472e2e8c61cdc3fb400772abd5a9acfdae3c69de2c5cbf73b1863f5759d	a45f6192b3a7e8d7c24f371e965c6eeaf25b422be91f8dabe1d929f747a642b6	8528
bin/demo/graphic/pc/p2/motion/p2_hrs0009_00_blindfold/d170_p2_c004.tranm	5c0a431d9008d0c2f72eabefa26ecd2a7fd538e254ac86a60d10d19c2493a902	57eb0cee7e83ab1d7449f63e8637bf9e8144f93d826ebd9a0f5f676344925a86	4744
bin/demo/graphic/pc/p2/motion/p2_hrs0009_00_blindfold/d173-175_p2_c004.tranm	c66871272c2970ec08cd9dee78da57d3f1a2dc9cefcf9b1f0236c76eb476e1dc	57eb0cee7e83ab1d7449f63e8637bf9e8144f93d826ebd9a0f5f676344925a86	4744
bin/demo/graphic/pc/p2/motion/p2_hrs0009_00_blindfold/d176_p2_c001.tranm	4a35619663b38d4a198447cfa6650f70e746f8472a68eb240f750cf12db47913	5a886410248e11c8d5f0b42bb100e22b615960fa1c125e874fd76f269d75ae85	4228
bin/demo/graphic/pc/p2/motion/p2_hrs0009_00_blindfold/d176_p2_c002.tranm	640d63fd3963dd3b831d1cf3d8fa9b106e3d64f73157b2a872309f8adf70b0d1	6c134e3b1af7ef7bd7ff1215904712c26e833ed094d038ec5ff33d55bc5dcc4c	7276
bin/demo/graphic/pc/p2/motion/p2_hrs0009_00_blindfold/d176_p2_c003.tranm	11750671ed6b939ba800499ce65aa7aeec2a5410042dc4c9e908b65bdeb2a45c	a2e583d2a5d0577fc608a88c8d07e45f129d7986aa4e516ab58a12fe5cea3afb	8436
bin/demo/graphic/pc/p2/motion/p2_hrs0009_00_blindfold/d176_p2_c004.tranm	e3bd58da87f972061118e13a6fb12cb35fd8e552fb8af5ac4c9a541d7377ece7	bd2f2473a08c8d80ccb6045a62436c633f41376a2ebeabdf963ce77090a04d18	4672
bin/demo/graphic/pc/p2/motion/p2_hrs0009_00_blindfold/d200_p2_anim_c004.tranm	b976ffc52799b3acc8153613c5309bd25b770ac814be18189584ad142e9accf8	17bba6c57d9584e52b81315093e4bf894124e75bbc25dcfb354e2c24902cc7fa	16456
bin/demo/graphic/pc/p2/motion/p2_hrs0009_00_blindfold/d200_p2_anim_c005.tranm	053507ca69d7c8de3db4d44879fc3370c31a54eb02e9018105ae8fddd1f8386f	999caa9a8354eec0e01d7ef2e1540b9f90c33626c4540497f2f81e681f7eb5f7	17460
bin/demo/graphic/pc/p2/motion/p2_hrs0009_00_blindfold/d200_p2_anim_c006.tranm	106b2a03eb14d1883c1f73c052b23e0be551635c275ac2a46239dd931b65ac66	c4ba8c7bef9c57d34eb2ea21f7b51994f3ccd3fc1972812362798059a5339ce3	21312
bin/demo/graphic/pc/p2/motion/p2_hrs0009_00_blindfold/d200_p2_anim_c007.tranm	afe3207de6f5279640e8b1c32ec5d10e62c8a63e9371bf167806fbd209c713de	7c03aacfa48fa2469a57ed24da5285dfa72c495fd8b96aad01eeb268f08bc982	19028
bin/demo/graphic/pc/p2/motion/p2_hrs0009_00_blindfold/d200_p2_anim_c008.tranm	812083089f5fa0a37915a80f21d250a71278b56d8285af12af7ced34a97a48c8	69f1b28a7a4eb355bd5f7cbeb2ab821997f3d3d3a570bba6638b1c83c30c41a0	13208
bin/demo/graphic/pc/p2/motion/p2_hrs0009_00_blindfold/d200_p2_anim_c010.tranm	b74448e0ce052c650977541372deb00a206cf8bf7e9f1bd61592e644a32b8cb3	2e3a6edd8f40eac901457d52731b645eff9c6e1a9f484f08cfde14511fdee856	4912
bin/demo/graphic/pc/p2/motion/p2_hrs0009_00_blindfold/d210_p2_anim_01.tranm	0d7a2715e2e4e7292a3386dc64316b85ece6d2c88ffa004f8e06c85918478a2b	7a9d73f31c9ba72f011c2c9b15966dc44895c16fb1c4586e351204ea1c2c7836	11540
bin/demo/graphic/pc/p2/motion/p2_hrs0009_00_blindfold/d210_p2_anim_02.tranm	aaebbf4236611d59b57051f7e41736a87a91319cfd047a1dfba1f67927ceaafb	2b86d5486a81ce097f34809c436d85ae1ff0f82594e5dbe7bfad433eedb3225b	2428
bin/demo/graphic/pc/p2/motion/p2_hrs0009_00_blindfold/d210_p2_anim_03.tranm	70d4090f43a0f80a370f499b4204768def65e952edb53530215bc52b271328f0	5f22b17233a5e50968319c6c5db9a3a953bb0fe3f98cfd9e984c02b6c16373ec	18001
bin/demo/graphic/pc/p2/motion/p2_hrs0009_00_blindfold/d220_p2_anim_c01-c03.tranm	312f37c969a2bf63bc65edc1bd71aca0f1fd40da9630f7c9c0400b05e46e8dd2	03f47dc3e1ef0b858682a57eb754028ef79ee8c77b09d6198fb6fdf71191ce21	9424
bin/demo/graphic/pc/p2/motion/p2_hrs0009_00_blindfold/d220_p2_anim_c04-c09.tranm	897bff0220948fcf7414767d980aff16fb2f42ee8256ae01d58acf7dcc1574c7	dd9785a3c3d31af6e738ca5f3292672cb4dbac34b15f238700480d334c7dba4c	14176
bin/demo/graphic/pc/p2/motion/p2_hrs0009_00_blindfold/d220_p2_anim_c10-c12.tranm	7267549051bb27a8f2dee56df6b0bbb2fc9ee1cbf15df155b83050ba46fe6544	9105c0db8310c80689493868d03a1a1e2269051a54042f60734989ec9cabb71d	7488
bin/demo/graphic/pc/p2/motion/p2_hrs0009_00_blindfold/d220_p2_anim_c13-c18.tranm	80f6422b9397c38d2936a11e89fa91a6fa5861fd9a1dc314092a9c0f9d18e616	39aa10d9c5ea5a696f4054f54b45152c1c7d0c3b95e5814203761d2d6293c272	19416
bin/demo/graphic/pc/p2/motion/p2_hrs0009_00_blindfold/d220_p2_anim_c19-c20.tranm	5cddf3d046664ca5e7eb539f7ac76bde7d887a8b95cebd43fde7a432816763cf	a30480ae6800648c16cd17733cb04a6fa1a8f41462659b32a5696a2dee4360ab	13580
bin/demo/graphic/pc/p2/motion/p2_hrs0009_00_blindfold/d220_p2_anim_c21-c23.tranm	7d360933dded40a7917ea7be9a7b6ab0ccace66aa3dd2c120390744ddf8440ab	e0d99382e6e2bf1039c4d7a4e4e07ae8128b08bf6a7e817071675e9607c930a5	11932
bin/demo/graphic/pc/p2/motion/p2_hrs0009_00_blindfold/d230_p2_anim_c01-c04.tranm	3c1a11eee1933567ab918c9b0b70183bbf98c131cb6c826248c10c9003642ce2	5d46fb61b5bbf415dbd39a8a0ce952f669bbe55753e0ba61924766a6e5b98c8f	22912
bin/demo/graphic/pc/p2/motion/p2_hrs0009_00_blindfold/d230_p2_anim_c07-c09.tranm	052f00d3ef991c0e6d54e829793467b49e0a1234e897a5e5c3a4f75346d333e5	880dad4496ce52bee0a6ae86e7e29ef71fdcd85c7e93e1514132ec3e2cde7eca	10200
bin/demo/graphic/pc/p2/motion/p2_hrs0009_00_blindfold/d240_p2_c002.tranm	b2bd13e171589304b9d6260f20009eb9d2ab081b5210eceeab78fd17f6b62a1e	989c877399c1c1e1fe00b36b701e90bfe59cc1f92d4a6bb1f5500ba227084db2	11556
bin/demo/graphic/pc/p2/motion/p2_hrs0009_00_blindfold/d240_p2_c004.tranm	01444b25807a24781f5c52f8407d7443216c8f18cc4e64171cada62ffb44601c	58ae404d6558fb7f86a48a46953b826907f39e94e8d15180f77ee5bb7903d67c	7736
bin/demo/graphic/pc/p2/motion/p2_hrs0009_00_blindfold/d240_p2_c005.tranm	0eec3527d1bd291345d526c3a1771113cf6a1abc831e773b4b2629a5931259aa	f01a3824a9b6e2c566eb9194099b67ade82a79b0fdafa32706fe9a9611222c33	13120
bin/demo/graphic/pc/p2/motion/p2_hrs0009_00_blindfold/d240_p2_c007.tranm	cbc06e3a0661c12e811ac71cb7db67d94607a789f403c6e4142688e79e574330	b47b742539f1881147f0e9890f9b2949b79f670ed47912488464be6a38572968	5576
bin/demo/graphic/pc/p2/motion/p2_hrs0010_00_twintail/d020_p2_c001.tranm	0f796df810ea2780468c87243c263522d1a643f36874694f942981288ae36574	fc9e10368cf82a5a28ef5f6332b97382c573dbfc9dc914ccd46f9a46921e9772	17935
bin/demo/graphic/pc/p2/motion/p2_hrs0010_00_twintail/d020_p2_c002.tranm	076c3ec30804447bfd46402644a2bd41908774df73fff6dcb7eee4592ee53fb7	608981c3d1ac114717755603bef831d10f7996fa8fd4e2b687bc7ca140495f9c	10976
bin/demo/graphic/pc/p2/motion/p2_hrs0010_00_twintail/d020_p2_c003.tranm	ab59bf3f9c13fd17e1681c982fba7e47c7abb18a1c0908fafdf5a80f0552e311	dd1de7ff0a1ee5867fe5a0c758e57fd164702b2433395173e69ef513ef8d641a	10938
bin/demo/graphic/pc/p2/motion/p2_hrs0010_00_twintail/d020_p2_c005.tranm	2d0659b37cc0cb4ad6e3aec1a6da67e99fa075c1f266e169cf995a40d0d35c11	2bf60fbbebff0ce5195679336465c0bea707c8aeb0dc8d758b01f547fe6ce7a8	15178
bin/demo/graphic/pc/p2/motion/p2_hrs0010_00_twintail/d020_p2_c007.tranm	2de078ce30d309f23804c0ed58a61ce371735f1efaa14afef918437c611d69c8	45031baf8849e74eb8e050d86795876d23062c91bdf3ba63f330762d55cd5bad	4194
bin/demo/graphic/pc/p2/motion/p2_hrs0010_00_twintail/d020_p2_c008.tranm	c248428cd71471838bb2a4637dc9c01c5178a48e2f36f3661f0b12a294f72458	0bc7fdcbff474e5ce4af07f906a83068ae640e997bd19924331a44dd2da46094	4830
bin/demo/graphic/pc/p2/motion/p2_hrs0010_00_twintail/d020_p2_c009.tranm	f5931b5d1db587a54065a705dbcb8418c38ab34fd703f0c8d23192baf68db76e	47d857965aec89d9787bd5ed325eacc5367c328fb0a38597b25860ba3e827cd1	8562
bin/demo/graphic/pc/p2/motion/p2_hrs0010_00_twintail/d020_p2_c011.tranm	674b490528c64dae1173cedc6542b2e47081b5cfddb58d3eb82a00fe9e3d5bb2	e6f29a30784dfe07de0ad73b9f9fc908f72e0ad8fe3fe91ea90855742738b0f9	4579
bin/demo/graphic/pc/p2/motion/p2_hrs0010_00_twintail/d020_p2_c012.tranm	41ec62f558160d8fc4c4937101f3fa96e32ace72f892ae676c1a89abe473ed54	e84404a41f04eadaf11e85464200891595da4fb28efd1d77f4c54af3736c98b6	14118
bin/demo/graphic/pc/p2/motion/p2_hrs0010_00_twintail/d120_p2_anim.tranm	95ba86c27f5ce0d8b75194f6585742b38655481f2396fd1445f31bb4bf626686	43268d9db3f22c600760d0e15e10b91719b4473527afa0c44a6b660f6a413593	95880
bin/demo/graphic/pc/p2/motion/p2_hrs0010_00_twintail/d130_p2_anim01.tranm	84735cd47a54d4f6bf81d797235bc1525c358ac50fecf2b89db9fa179fa1053e	c6eab611ea9cdfb998279f0dc933211c1f5bf81481837a18a79ab332822e87e8	68024
bin/demo/graphic/pc/p2/motion/p2_hrs0010_00_twintail/d130_p2_anim02.tranm	972aca6093d35d1c67df6417a0faa62133a2cbfb043564d6c010a8a6c7b48244	76d1362c4f5fc4a7abb6d8eb5d1eb9b3bbcba85ba7bd61c4bfa2b61a73929b9a	7868
bin/demo/graphic/pc/p2/motion/p2_hrs0010_00_twintail/d140_p2_anim_01.tranm	764fbb173f391859efc70523d5930abf842f16fec095eafd87ca8e7e3c944776	87b5593c835aaab8cb6a816b4493ad486bb2ee43cef3e6e2c217e298221d756d	9904
bin/demo/graphic/pc/p2/motion/p2_hrs0010_00_twintail/d140_p2_anim_02.tranm	3467f960e4fe6f8ccbbaf83550672e0dd45ec36fe4febf66198a0e594698ca29	de766374a1cf65b28e71ad6be3f497d22c06b192e157eff72bd4965063e4c027	15880
bin/demo/graphic/pc/p2/motion/p2_hrs0010_00_twintail/d140_p2_anim_03.tranm	d58729188cc74779c184647b2bfeae92083a1100fa46d6498909177524f82eb1	617b7013def55ea40fea5054718f15011df302a109bf771cf47b105494e2c36e	40660
bin/demo/graphic/pc/p2/motion/p2_hrs0010_00_twintail/d141_p2_c001_anim.tranm	5a2d24e9fe0733bbbf3e08ea86a5a2d3aee841f40c8fcb1f9be640a186caddcb	710f73275bb9543c1f89b9c71d3db2f77246e49b03f21914a7b6452927965507	18640
bin/demo/graphic/pc/p2/motion/p2_hrs0010_00_twintail/d141_p2_c002_anim.tranm	b7583abd9b95de5fca44a6d6bde923a202b86681018b7e2226d9a4f35f40bc3c	850f3ed6c3bdacde68bd81c723cfa979cb65af90d00e4866b7ddbb85cf3c86ee	15152
bin/demo/graphic/pc/p2/motion/p2_hrs0010_00_twintail/d141_p2_c004_anim.tranm	d9ff94739db1e77d2ddcc50971567ee53bf813e4e475d2fd03fe89da8808342e	94781dfcb9434a132f0c1a46b816bce1ab8cdb056f3e41d5bf9a674d7c6abbed	9424
bin/demo/graphic/pc/p2/motion/p2_hrs0010_00_twintail/d150_p2_anim01.tranm	a065a65f810881c653a3c848575024b36c96f2f5a594568a1e8aa179b2e7521b	728e760350c44c5999866463830557e7958b01dfa40ed81d4c46e1d87f222d11	16020
bin/demo/graphic/pc/p2/motion/p2_hrs0010_00_twintail/d150_p2_anim02.tranm	9ac90ba1ff701796ad15a4bd9b968d3b24d69df56622f45176e4f7026c7772dd	32493fac815ffa96b7634a78ffadfe7ff5449dff378d29319e354f3dc319641a	14760
bin/demo/graphic/pc/p2/motion/p2_hrs0010_00_twintail/d150_p2_anim03.tranm	800a8bcf08a9d586cd088f9abfb228b46228a2ec8a9c4d505b306a76b35d2b1c	3cf70a432ff579be224e982f2eb5122362ff3985dbbe96c1483d29abdfe30c9b	1262
bin/demo/graphic/pc/p2/motion/p2_hrs0010_00_twintail/d150_p2_anim04.tranm	80102d42cf258d2ce54510a3fdf197823e6d67bbd2ce3e1daaced567b9899550	3b3b0fa005181728104dc9e97d0bf3a8c3c78b5dfc9f563014d3364289f3125b	13340
bin/demo/graphic/pc/p2/motion/p2_hrs0010_00_twintail/d160_p2_c001.tranm	b0ede5436c7b123c20d9ea40a68e0fa6ae4e6d932e9949e152f808aac4e15422	6462b519388587a5ce873ca59e330ae109b849ad940817162e828a24f16407f8	18216
bin/demo/graphic/pc/p2/motion/p2_hrs0010_00_twintail/d160_p2_c002.tranm	f0a2fdeb806eeb1dabd0ef3dbe985c5f81f715307fea41816aa4c2c53f15b5c3	757fa1ffd2d9c95d31bd6fde4c2118562bde2eeefaf6af171fb3e263146b8028	22120
bin/demo/graphic/pc/p2/motion/p2_hrs0010_00_twintail/d160_p2_c003.tranm	926e9d4615473fc3314cb0d38790d0be3cfc3e202959d836c049c4aaf10b94d7	d9f6abc4c52ba6b1823afab56122b3ac0093fc4c8578d79e97aa11d2814f831f	2994
bin/demo/graphic/pc/p2/motion/p2_hrs0010_00_twintail/d160_p2_c004.tranm	939d3c3bf4cb9bbbe7e9d8e1930b50a9191cf1653b063f3b82d1cb5ecf7d2197	27a85c1fa70404014b5157dbc03b4a57a4e87d5acd4686eeaa364f8aadb8dacd	36640
bin/demo/graphic/pc/p2/motion/p2_hrs0010_00_twintail/d160_p2_c005.tranm	ddc721ba3510bcd71384bd9f735df8748c99a08f0e689fe371051965249df6f0	962f80ecb6d09be6f8c8f96230ef6a95fe80c59e1974bc0448e4548efc8af081	30364
bin/demo/graphic/pc/p2/motion/p2_hrs0010_00_twintail/d160_p2_c006.tranm	c2855010d63646857c16414c052bc4e737c28e7e3ec3b324afe6e0626fb03c9a	016a14c1a3edbf24ee9e8890db691b55a1937ebaed2d0f8ea3cc1a0d56b86f9c	26428
bin/demo/graphic/pc/p2/motion/p2_hrs0010_00_twintail/d160_p2_c007.tranm	87e26a5b7f8648a402841d4291533fe2142eb0cb814d36368dd2ed4ad916377e	de1d9de36a10319dec0f4b505fdc82146c33150f516d697cfb7d6061d5750fec	41996
bin/demo/graphic/pc/p2/motion/p2_hrs0010_00_twintail/d160_p2_c008.tranm	9243a87ac7a442a79665191fcb1866de82f8804a8f5e046f36207a41d767ce49	fe5acfa5002f2735845ca5be1307e0bb8ee1c282d9852504ac49fbecad830cf1	54916
bin/demo/graphic/pc/p2/motion/p2_hrs0010_00_twintail/d170_p2_c001.tranm	4df6f3f0fbb08477769a7d8f90665c87b00fefa4718cfdd8c7694b6772648bbb	1751dec0fe86848266290791f032d9c150b96531f57f41b85f7a0d8ebea56ce8	5952
bin/demo/graphic/pc/p2/motion/p2_hrs0010_00_twintail/d170_p2_c002.tranm	30efef5e8f2c65d48c09f85ebf18824adce6ce7c11b616d27171893e4fe73802	8c1d0e481663d8fd7e3e01a7b55dea2b5555e0483f69b354cc5cc7b2e1724266	18264
bin/demo/graphic/pc/p2/motion/p2_hrs0010_00_twintail/d170_p2_c003.tranm	e1e1274fe87945b4cc96afc466c49a63decf73cf3a918016fe15567f738c9118	d2a9849b1ae1125084a86260d183f78825d38bef81d1cb8e41c942379f6b8925	23772
bin/demo/graphic/pc/p2/motion/p2_hrs0010_00_twintail/d170_p2_c004.tranm	1a41e7198d36e8226bbcc9e50afe78b382d6e065c0c2479fced7b662f8ed3ae4	edfe1fca871d69c3297cb5e2aff691b46efa2ec723c1a30668dc17d40b2c97fc	21972
bin/demo/graphic/pc/p2/motion/p2_hrs0010_00_twintail/d173-175_p2_c004.tranm	475a9fd7b13b096908a5196ad48e08fcc237540296dc8c405678e4c1d2085bef	edfe1fca871d69c3297cb5e2aff691b46efa2ec723c1a30668dc17d40b2c97fc	21972
bin/demo/graphic/pc/p2/motion/p2_hrs0010_00_twintail/d176_p2_c001.tranm	4af22eaaf03f4d56614ce6aac22934e62b494afc6206fca86eb137e3bcb53814	7635a12ef6b8f715d2c459097d4d285f79dc67704c25b1b8258c7a407d3a3466	17304
bin/demo/graphic/pc/p2/motion/p2_hrs0010_00_twintail/d176_p2_c002.tranm	c9ae7a6bb031cdd830ee2e47b49b6de1e2c62ac5909d44205283bb30ce0de372	fecc42efe8e9fe22dffbe3896dfc68554d678c2a8f47b3158bdf308bf5bffe73	22040
bin/demo/graphic/pc/p2/motion/p2_hrs0010_00_twintail/d176_p2_c003.tranm	65e2822f5e11853af0c29c1bc5d0b8c86d9a8089629b96e8041dfe17dbd38bbd	78de421f22aca08839b4d12f490fddda7dba8780da438daa26557ca230c05e87	23469
bin/demo/graphic/pc/p2/motion/p2_hrs0010_00_twintail/d176_p2_c004.tranm	78ddd38250ddc9931ab763151144697592db8479a1889d5990c0f54673d92e6f	e94977a36e0e4b442f174fe9adc787cc5e9e1ced39d18cc9036fb8c1f9c97a5d	22028
bin/demo/graphic/pc/p2/motion/p2_hrs0010_00_twintail/d200_p2_anim_c004.tranm	2961d068ca2f2f26a03717ffaaaf9e6e3c091d797f4eaff0b64b00c5c52fcf5a	5deb41e576126826df9d69b5c516893ac8608ebdc29a31ce2ad9ce8bef823422	53000
bin/demo/graphic/pc/p2/motion/p2_hrs0010_00_twintail/d200_p2_anim_c005.tranm	5611c99d755c9762154bbaa17b70e1aaa09ae6aa5dce8d0e47b01a5a3041e865	4e2ccbc58028d182177ff37cf931091b6294484a78dfd7e00a72404fedde7356	50756
bin/demo/graphic/pc/p2/motion/p2_hrs0010_00_twintail/d200_p2_anim_c006.tranm	367fe2b2389e298458e747351a58e4aa04af2a3ec751f000608a263719e20248	c4ba8c7bef9c57d34eb2ea21f7b51994f3ccd3fc1972812362798059a5339ce3	21312
bin/demo/graphic/pc/p2/motion/p2_hrs0010_00_twintail/d200_p2_anim_c007.tranm	415100501d7c8c6a2e1665f4f480fa09229263d67adb6d72ceb5dcf6a9bd9e03	0b09b144bc39365247be9b5e81cb49c9f28f1e19e6c6c00b68e080a656d09ac0	55132
bin/demo/graphic/pc/p2/motion/p2_hrs0010_00_twintail/d200_p2_anim_c008.tranm	7cb89d254bc95b216983a5216dc31e6429d411ba3f96763e56bad3ca6697dcdc	494ffd06bf544038d8de8123515fe784730c232d5ed08f609298656132a015c8	27504
bin/demo/graphic/pc/p2/motion/p2_hrs0010_00_twintail/d200_p2_anim_c010.tranm	35fdb56ccc2049219b9021c071e372ed5d4430630d2aaa6cbf98593447a7a96f	b3878f6352375a6d626fa9b1c509d5bd66091425e43e92f28a7c72cd2f0b6800	12001
bin/demo/graphic/pc/p2/motion/p2_hrs0010_00_twintail/d210_p2_anim_01.tranm	dcbb3dd54dd03271491f12d4b58024b479ac0340855061151cbe5ba3197d9068	17cd31ba4db50c4444a1f1cad3421b8c477e1143c7b814be44e6459a242f354a	36532
bin/demo/graphic/pc/p2/motion/p2_hrs0010_00_twintail/d210_p2_anim_02.tranm	6ef26cada4ce04cbec6da1b37d03c2b3a6abe86fd191c52d4c67570efb4c91ff	6c6489de701b2288714f9ccec128be068f5c545f5abd0759da7e22418a6e6865	13304
bin/demo/graphic/pc/p2/motion/p2_hrs0010_00_twintail/d210_p2_anim_03.tranm	eaaa24e14f23624ab2aa295fe93356bb44eef2ed668c82aaa12615a2ccd2b5eb	d555b9c923630ce697754a081271c7ca005595695860b33de2abb42ac884ce06	49168
bin/demo/graphic/pc/p2/motion/p2_hrs0010_00_twintail/d220_p2_anim_c01-c03.tranm	caf341b040911d673a8e893b4a946fd706e9b24ff142b6334c2a919f50c1bc6b	21de128209342f39b58f155471543af290763c4e19d690e7714ca3e42d65b595	17744
bin/demo/graphic/pc/p2/motion/p2_hrs0010_00_twintail/d220_p2_anim_c04-c09.tranm	c789e6a2451310a4168f7a76be5d5c964386826dba79bd8817f3cf1d1176b978	2d8efd57e7b537e435622cafaae692b2253e8049335de049d560a1621d14c371	37592
bin/demo/graphic/pc/p2/motion/p2_hrs0010_00_twintail/d220_p2_anim_c10-c12.tranm	fc3f8ef0b5df871f301a0ef933d6f7cc95e8094edc335257b8ca623a2240df18	683a04b4144cdac66cc91ffbd2806203d8450c5a556560dfe73704f09573cebf	16952
bin/demo/graphic/pc/p2/motion/p2_hrs0010_00_twintail/d220_p2_anim_c13-c18.tranm	f4dc8b19a50848c489e1d3a8afdee993eab6ebc51d5304977dd26aaf0f90176b	c6e4f7e6c04f6ec2741dfe41a8a68db44dc2bdd3ba721526334dd23f7a031ace	54176
bin/demo/graphic/pc/p2/motion/p2_hrs0010_00_twintail/d220_p2_anim_c19-c20.tranm	6047b335d6832ca48cb4be30073c6538f629d23df6c6f3a1ede41d28cf19b358	5c64401c4348cc870f9f07fa82155f3f64b6b84449b40ca21a791b657c67863a	40460
bin/demo/graphic/pc/p2/motion/p2_hrs0010_00_twintail/d220_p2_anim_c21-c23.tranm	cfb1915640ae01cfaeffb3792861b6d8356b39a134f6e0658fb5cb0a53dfb841	d7113ac961db1826821aa85731abc596ff3583b9b7f8847018a8dee754d6b40e	31320
bin/demo/graphic/pc/p2/motion/p2_hrs0010_00_twintail/d230_p2_anim_c01-c04.tranm	cc8094f258d7f47020011602aa0beb28bffaaa53925fbb9197cf16f6be6b99b6	f7fd058410f240d8a7d91fe3608949a4cb2cdec2f9d075fc9ebc27489e50c026	53640
bin/demo/graphic/pc/p2/motion/p2_hrs0010_00_twintail/d230_p2_anim_c07-c09.tranm	a3aa907e2e0613a94a54ec6f876eae33581e801e0afcc3ea8a416e53c91d4b19	dae57810290603e78fd2f5d9bc982c706f52dedf91905be83b8088b8e9012205	22572
bin/demo/graphic/pc/p2/motion/p2_hrs0010_00_twintail/d240_p2_c002.tranm	8166a37c0eebb6877c6158280778db227cd975fe8e5c0fd686ea0c86309b0077	956b47c32e05e285cff8dfa2a7fb709518a9f01e01afe01e31715448b3713b87	43480
bin/demo/graphic/pc/p2/motion/p2_hrs0010_00_twintail/d240_p2_c004.tranm	28f58a43729b27a2f19e3cbd396100ea39425dc8e0d2d161f7f79ad867bab40f	0cce459344dc71cf33d666cb88384645d21a38c5dbe4b57c8775c6ff53596052	27780
bin/demo/graphic/pc/p2/motion/p2_hrs0010_00_twintail/d240_p2_c005.tranm	03f692585886da00aa057a6cf7b15ae0a1b6a3b336d4d9e56e840174ecf03218	d1b025ae7c3b95d4d6a0c41730f1f0d2a8cfcccd3dd4068eadd5587e077f828b	50324
bin/demo/graphic/pc/p2/motion/p2_hrs0010_00_twintail/d240_p2_c007.tranm	23f9d81228be8c54e01ab0925a6465003cd2659de661cf2496823c61f84b0a09	e7b9978274f7b860a19345cf7e143b8eaf4a13674de6196f17662041b0740039	20340
bin/demo/graphic/pc/p2/motion/p2_hrs0014_00_ar/d020_p2_c001.tranm	5283d324d904110d70945ac5e74cfd59d6d11b4d13d69f9ff979cf46e950b102	d850787a1e408bdf0cf9b732c06abc0c4e9d7efc85543d5ba6164b696210a305	18560
bin/demo/graphic/pc/p2/motion/p2_hrs0014_00_ar/d020_p2_c002.tranm	93e64cebc9bd486806d37c69e4dc8094aa129e599db49db119f0b543fafdbe56	bf43f256bd2c964a18ea5a4ae769bf1e70f10e2753594abad5e5d081da6a6c61	10976
bin/demo/graphic/pc/p2/motion/p2_hrs0014_00_ar/d020_p2_c003.tranm	b3a9c5a5bdcd96ed2f2395efec5fc8766a3502ca9e2a6918a83de954eca4f99e	598bb94eacd2feae5577593c12f38cd1c61201f438eb04b97fdfd4f036583962	10456
bin/demo/graphic/pc/p2/motion/p2_hrs0014_00_ar/d020_p2_c005.tranm	bd6f8d873e9c1eff70707b3c702a89d1782436974957a3175fe512d55a8a7bdd	58e55b77b01643ce2f729c37ac9c101a3afa82e4309bb8a58e3ee29f619efb2c	14596
bin/demo/graphic/pc/p2/motion/p2_hrs0014_00_ar/d020_p2_c007.tranm	b6d708266f78c12d8617714d8071c787a620c871756dde9aed0a5ab6440f3546	2473b7a32d9e5319ffd22a3e04299ec85a235c835da1ebbed8127b3a43d25269	3652
bin/demo/graphic/pc/p2/motion/p2_hrs0014_00_ar/d020_p2_c008.tranm	4e549cf10255d90b3542174bcf4debe988b5641aae205302302dd6e4f86f119e	053ff4fcb56517624bd1dce6168e1abed0f4ca86e19bc754f86f84707e49fbe3	4228
bin/demo/graphic/pc/p2/motion/p2_hrs0014_00_ar/d020_p2_c009.tranm	7b1ccb895386e56d74424e4bd65129a39a6509d03bb33e62e6c12ca0161eac95	150a295f4f4023196c83dfbd07c9db20ec3c39de1b0855db9bef53542e5962ca	8080
bin/demo/graphic/pc/p2/motion/p2_hrs0014_00_ar/d020_p2_c011.tranm	5bd142a055652151799d1336d12227c23bafa6cc0aa4dba0da3296fafcb130dd	d768e5a5c071b78401abc7138d81e4efa033f79eecfc32ffbca3cb408ef6ae76	4308
bin/demo/graphic/pc/p2/motion/p2_hrs0014_00_ar/d020_p2_c012.tranm	0a3ee767f5c0a1021de84c4fb6d77a583493a5fb2c81a3ab667c7cc5b6ad58ce	bee066cf9858f9560397f9b12a81623f24690575357f82039a943f42cdf164e8	13156
bin/demo/graphic/pc/p2/motion/p2_hrs0014_00_ar/d120_p2_anim.tranm	150e0c7bcfd499aa8f484b124c8e27c0774ce860c61fa3fa3ab0948b8b7236e5	c8e8e4aa9d8e543418f90ff3780338edc31a76eb350704bffa3bd6e6b92a1d37	94536
bin/demo/graphic/pc/p2/motion/p2_hrs0014_00_ar/d130_p2_anim01.tranm	86b24fcf09f6a896d1a50667e4f560612adac7411f039b8de004f09a58a056e5	89ace1ad6061fc1cbc02ef7f76e5b85fe72ef6dd9c81fed6638ab9e246116abb	59672
bin/demo/graphic/pc/p2/motion/p2_hrs0014_00_ar/d130_p2_anim02.tranm	3769c1e9553b5e473683f7310966f9aba959a394aa78962a08be1173639440d8	64374aa6c26032f8559a53def2d1d9f15e6a6b78a90b3f6cec9b241fe1f690a9	7324
bin/demo/graphic/pc/p2/motion/p2_hrs0014_00_ar/d140_p2_anim_01.tranm	b252a54d3342746463d8231679c47968da21263ad13d6fa5d6977626f005d69e	f60d5456df6a5a6c1b35c1afd4428e372c2cfa9ca7440684c3bc0a5a3aabf838	7264
bin/demo/graphic/pc/p2/motion/p2_hrs0014_00_ar/d140_p2_anim_02.tranm	204fb6a0d6863d178ba4d25155754e9f43be50dbc59d956500d92ac3fc931fe9	478494b536b71079fb07fa744bb2c34135ac70565695fdce75876a2bc9e6e539	15744
bin/demo/graphic/pc/p2/motion/p2_hrs0014_00_ar/d140_p2_anim_03.tranm	312d494d94a86f358ea3b7cdc55bb281e4841917bc1cd64c27ee7707a4370557	2c6edc68afc24b68a961006f833c055f0d86b4b051edd1e3bf5f22ac5d577ae6	43754
bin/demo/graphic/pc/p2/motion/p2_hrs0014_00_ar/d141_p2_c001_anim.tranm	c0ba434718aa63a2978c52c8d7953e2ac4a572446792308b0eb19ee02e03aed2	d1f2aa0168f8c58d458e98a4d61a1a3a976347739aa954d0a36739d2e211e09c	21987
bin/demo/graphic/pc/p2/motion/p2_hrs0014_00_ar/d141_p2_c002_anim.tranm	374da872ea8c265592e3c3b0eee226721c5c76b419ae196fcc5759c8ddb20473	66516ca34464ba15ca21d958427937f3c72118483928f2a7c0fa3f807ae4dd16	18483
bin/demo/graphic/pc/p2/motion/p2_hrs0014_00_ar/d141_p2_c004_anim.tranm	362313653958f526d60c768f0acae8902de908367f1f2f2d6eb025b39417e39a	495ea0758663e12e74e376897c2ea4dc287fa7fe5567aa071980ec5ca131049a	15605
bin/demo/graphic/pc/p2/motion/p2_hrs0014_00_ar/d150_p2_anim01.tranm	55e808acf5d46e19f90542543bf3f20dbdc0b6b80e853b22402bcb14d2259da8	70c29c23565e39cb294e089d0db9c2ea10f90cf50c37d3671048149c6b5b2710	16926
bin/demo/graphic/pc/p2/motion/p2_hrs0014_00_ar/d150_p2_anim02.tranm	b4d0c46b603867b86f19c7aeaad38958c24417ac6c16781f986096810b9bb4f4	1f8f0f2193b878692cccd116ea22b8f5e2e056ce254a8c512a3e21d5df25e4d4	12496
bin/demo/graphic/pc/p2/motion/p2_hrs0014_00_ar/d150_p2_anim03.tranm	770ea2e7b83a2b3c043e15dcc8faabe742125892c116a82ee0c0189834051134	216ed169931b6d7ed4dde50cea031e7f5e153d5143c1f6bb1cd58d3f6d66a3ad	940
bin/demo/graphic/pc/p2/motion/p2_hrs0014_00_ar/d150_p2_anim04.tranm	a8ec36d46a218cf597a15021b4b1ed202bcf84b2a7ff25e916d8fa027d4969c7	463edd720e1717a0a0d9b9b05b68a7e2071ccc136ab81b7cd47db18c60785c9c	8936
bin/demo/graphic/pc/p2/motion/p2_hrs0014_00_ar/d160_p2_c001.tranm	ebdde9a4643e5bea35f4167c0c49b97304e3e7163dba1e011c831ae4a8a2a07e	9a6b94fc132bdf55226b73d1ddb5c1e0a275a143abb2296f12518d8fdfd08936	17333
bin/demo/graphic/pc/p2/motion/p2_hrs0014_00_ar/d160_p2_c002.tranm	f9a79c01290d40f3598d5b44bc2551a520b9f8bf9e1469c4292c44e1a8be7a17	4c696f330048648c8fbc602c1421b02a5c75c3f4dba2278c20fd734f8800a8aa	22631
bin/demo/graphic/pc/p2/motion/p2_hrs0014_00_ar/d160_p2_c003.tranm	88fac8ef48bb46f9a700f65774c79ab90e0caad907db117c9c2a94799dccb59f	1dc63eddfa1b233ae8dbfca984db274d7a82ba155789708230e42a5fbac3a9dc	2572
bin/demo/graphic/pc/p2/motion/p2_hrs0014_00_ar/d160_p2_c004.tranm	4597d6d2a10f68791226c830c0d670b841a39d830c69c0238b0faf19f9faad03	916dafc608d83e3732f29c891bcbbda82a63e0df127c9f1e4979a4c746aa70f7	37009
bin/demo/graphic/pc/p2/motion/p2_hrs0014_00_ar/d160_p2_c005.tranm	93f68467577726a5ca82619cba1fdf6168739bb40d154e672c3aeca8c9b74712	be7272d4249f5a969615dba3623e47dddd257960bb2a3de585798b42d9a42aff	30253
bin/demo/graphic/pc/p2/motion/p2_hrs0014_00_ar/d160_p2_c006.tranm	b7819aa6c1800b2b8bddfc85ff4a965fb57b317ada3b46570d6bd8cee1b907dd	64d027e67b63654dff6ed2502107e9aaaec934b8fda2a498be5d079427bd3726	21869
bin/demo/graphic/pc/p2/motion/p2_hrs0014_00_ar/d160_p2_c007.tranm	9fc4340b0e16e0a550e995cd39380a7e06da98036146fd6fc55ca00969fa66e7	ad395737a0ecabf550a502dc9f3bcbaf031834ba656ea32c644927bea01297b4	31635
bin/demo/graphic/pc/p2/motion/p2_hrs0014_00_ar/d160_p2_c008.tranm	d39417665dd3e5ca75cbe408559f3ebb03407d0250fac57ca211c63c39e6122e	11ba6e0ad00999d41ff378b2242ab840a9431e7368f6a1a551e4a9823084db67	62989
bin/demo/graphic/pc/p2/motion/p2_hrs0014_00_ar/d170_p2_c001.tranm	2d256d46a7deb2a2c7c5dbd91af0164f45cb114657c5d29c2f50e23651484a5b	160f6f441f61d39d8013f0cd7c7a8468d7bc2ad8f15b74b9402d32c41f8ad4a2	4075
bin/demo/graphic/pc/p2/motion/p2_hrs0014_00_ar/d170_p2_c002.tranm	b8718518da0036b9148ea205b1318ad3d3059ccb37f7ccdcae1646d519a68530	35603221a920b79830e596a9defa7b6fbe086d18337c2ebbba235a6149a9551d	3500
bin/demo/graphic/pc/p2/motion/p2_hrs0014_00_ar/d170_p2_c003.tranm	4bd9bde13c36c59d9f919ee8d1d799f7df07b236889738eb740620fc10f5e710	48c47aebda32f30d933d42401de4034cea810c30ae1dc3695ee1d376ba8d4401	17724
bin/demo/graphic/pc/p2/motion/p2_hrs0014_00_ar/d170_p2_c004.tranm	9c4073f6def3ad1b3e85b0240522f6e18ace489535872a61e8695c6132e306df	4dabd004f66d50ef8b3c266163f072a22b875b814907644c89a98231b1b6f87d	10036
bin/demo/graphic/pc/p2/motion/p2_hrs0014_00_ar/d173-175_p2_c004.tranm	025cf304c4312002f4e61a2d9cd727811de341922f519a4aba0d14c3a60e317b	4dabd004f66d50ef8b3c266163f072a22b875b814907644c89a98231b1b6f87d	10036
bin/demo/graphic/pc/p2/motion/p2_hrs0014_00_ar/d176_p2_c001.tranm	5cd8eafc4275002ea26646d2144fb34e24783d0117d429898cced090c6341be6	e1aa46fb09d13aa00cf0a40a6dce974e9d6b3cf24f4264811bea128c78068e33	8280
bin/demo/graphic/pc/p2/motion/p2_hrs0014_00_ar/d176_p2_c002.tranm	6736637731396a2ebb27df4cc8fd5090a00ab7f5a127749fb76e2b2f3d359d3b	63da44acf75dac574ea3667193c73186314b78e46b02eb6d1d59624ca4f4a7ab	23779
bin/demo/graphic/pc/p2/motion/p2_hrs0014_00_ar/d176_p2_c003.tranm	0d83f05f2b83a03a40249f9de99c7ccd2eab702b3dbf3931af082e5fb715af4b	c06686d72726b07130605aed1cd73cb659a2fe0d4f559b6d7fde9ae4691c3470	26560
bin/demo/graphic/pc/p2/motion/p2_hrs0014_00_ar/d176_p2_c004.tranm	c92adcd88dbc3098d5aa213c835923ae6de33e5b573a50605b5c5162bba2487d	62db00ee5a7d8971a44f1dae1ad75e2069e03feef9ca9a92438d5cd580004f53	9996
bin/demo/graphic/pc/p2/motion/p2_hrs0014_00_ar/d200_p2_anim_c004.tranm	eb6148d213dc50831571fd7c7b2957cbf76a5a5983e37cf01e5dec0cc7652d71	5efa3e88838e41a3a74bc13e5146ae7af717cea751ed27ad95486fb0e31a8caf	56488
bin/demo/graphic/pc/p2/motion/p2_hrs0014_00_ar/d200_p2_anim_c005.tranm	352de4bc73bf353ee7edeb565945744c88841ed3827069328c37b7e1e3c33e48	2a20577a4b2e846b8218530f9257f483e72a4e16a6475c922cbe90117046e5e2	42980
bin/demo/graphic/pc/p2/motion/p2_hrs0014_00_ar/d200_p2_anim_c006.tranm	1e88e2a2cfd430865c508b8828fdc4b9019d80421386cd28a7602dec26ad8e96	c4ba8c7bef9c57d34eb2ea21f7b51994f3ccd3fc1972812362798059a5339ce3	21312
bin/demo/graphic/pc/p2/motion/p2_hrs0014_00_ar/d200_p2_anim_c007.tranm	f2ab01128e8bc5162b661ae05817f0da672fdaa461b4ad9605b0c3d4dcc483d9	c28228ea3c12a83efdbf8e16af86b3783e976804456967744e22f542e6728d4a	55996
bin/demo/graphic/pc/p2/motion/p2_hrs0014_00_ar/d200_p2_anim_c008.tranm	4c10aee4d68dd3674e027cdef51a9d77145e5dea8afcecd60ed15676b372a79f	f09e82b8c982db77df126f374cda286c3e3541dfe3804fc3b7ada40ac9decf6d	38224
bin/demo/graphic/pc/p2/motion/p2_hrs0014_00_ar/d200_p2_anim_c010.tranm	efca0e5dc2d54905fff92b4964cdfb0878dc24b5dafb8a046f2687a84c92a60f	bed5ad6e365e8aa2dfd3066e9d10144bef2c90da6926c13ad50a08b68c4f3f83	14716
bin/demo/graphic/pc/p2/motion/p2_hrs0014_00_ar/d210_p2_anim_01.tranm	29ee9ea00dd3ce124bdef67d5cea8ec36c2229ed4638a2af5b3486003784c267	cd19f2c90b7f10dbfba84270788ff8ed13a8c4315dc2d89b96e6a3c855e4d4ec	37300
bin/demo/graphic/pc/p2/motion/p2_hrs0014_00_ar/d210_p2_anim_02.tranm	5a5642f0fee897ca8bfeeccca132cb808ecf83709fc5d0a5f4acbcb0da96b59e	bb1b05f4b22563ee634c3bc0bdea348a730cdb3f452c78f00d6afe58e6da72a4	13304
bin/demo/graphic/pc/p2/motion/p2_hrs0014_00_ar/d210_p2_anim_03.tranm	a0f0360b56d6b8a6b0ef004f8d9a34cf89a99f88d89995837ad7de761cdfa721	1ce827fc02f0917cd848c62add3ff2a7730453187bda5d1249209e1d90531e9b	42416
bin/demo/graphic/pc/p2/motion/p2_hrs0014_00_ar/d220_p2_anim_c01-c03.tranm	737e52594ecb5e68057fa91c42f2694cc33a9b47491f9655a190c9f84bf7f568	37d032c5b470077cd7049ac8bc29e80c7aff88169b808b5a842985775630f754	13392
bin/demo/graphic/pc/p2/motion/p2_hrs0014_00_ar/d220_p2_anim_c04-c09.tranm	3cfac5d30b746416c8b997cb51879b80dd886b1d6e930011c84e8e1dfbf1d249	599d8d102d221b1f9a6765e033f677c238fedc568a4ca7fed2d70c328cc455d0	31288
bin/demo/graphic/pc/p2/motion/p2_hrs0014_00_ar/d220_p2_anim_c10-c12.tranm	fdf5cc88ebbef0636b2a3c49e7185eb95b585e0d3642f88576f082a5e57f8b1c	dd13a6e2b56fdfdabb013f774d90bb2ebbe8d5db7755416ff3c47d7230d3ce0d	12344
bin/demo/graphic/pc/p2/motion/p2_hrs0014_00_ar/d220_p2_anim_c13-c18.tranm	f07eb446e2f6273bc7cad58cd4851ae366884bff61d6533189f8f4d63c3117eb	4778bcea1ffaa3a2eb7d890ad04c50da170932f1c3502a620e0851b7db47796c	46656
bin/demo/graphic/pc/p2/motion/p2_hrs0014_00_ar/d220_p2_anim_c19-c20.tranm	c100b39acad441964bb5c5a0423de7a91f08009f0f946714f80398747a9f991f	2d0bddd44486060f2f03793919ec2b92da5ae4ea3b13772f4c577cc84a402b8f	30412
bin/demo/graphic/pc/p2/motion/p2_hrs0014_00_ar/d220_p2_anim_c21-c23.tranm	65629cfb1816ac6cc5dde115a1213c420965985438f232248b57f714253063cc	13c1c7362eab86ac810d65fbb480eb087faf785101224bda896e59641da9afa2	26776
bin/demo/graphic/pc/p2/motion/p2_hrs0014_00_ar/d230_p2_anim_c01-c04.tranm	433d52743773b477cc7d689fc982fcb05b721a4b588d51935ef698a8cb1c5fdc	a468c034ae6b7c9e53a699f2eb4f4d8e53231854ba954aadabcea262ffe0525b	55272
bin/demo/graphic/pc/p2/motion/p2_hrs0014_00_ar/d230_p2_anim_c07-c09.tranm	60cc52567d72f4e157856bba9fcd20cb5088d293e92349a27f38b12290e65340	eaed6b903856efaec3ba12d2e6d73498905a60098cdf9e4e7dd54b2d937f44c6	22732
bin/demo/graphic/pc/p2/motion/p2_hrs0014_00_ar/d240_p2_c002.tranm	2bdf754063b8bdbe9bb714d9bdcd132614625e17f1a6317d132e7d8f906cf24e	a5df67f0abdf5b65ff77e48e1721a98deeccadfcdeb8fb27a9849c9ab864dc3f	49477
bin/demo/graphic/pc/p2/motion/p2_hrs0014_00_ar/d240_p2_c004.tranm	5c5f61bf6a2b30c9d12706df1e00e7f6fc5b8c9806fb52bb183e2e6c95de08ed	09d5aa6f844cc5909fa3ed907c80c064c8c59b9f02198acb758208d80ceb0955	32791
bin/demo/graphic/pc/p2/motion/p2_hrs0014_00_ar/d240_p2_c005.tranm	06f733fb7e77031f06921fb6e29ca60daf0dba062c1e3723bdd3bf4264c158c6	25ad735b46e8d00b1d1d128f943d2b304e51d097d38c09b75011e994730347af	57033
bin/demo/graphic/pc/p2/motion/p2_hrs0014_00_ar/d240_p2_c007.tranm	16b9d607c75612358111d7c24505a78e8592b5972f56733cbf19e32138dd3ad2	184e143b9b42af2a21724c8feb3dc7a6a829399c1c144700e064d65f413aa815	21919
bin/demo/graphic/pc/p2/motion/p2_hrs0016_00_akg/d020_p2_c001.tranm	929164181b5f61d9ebc0b556b34a2861501a2005ddb18321d6b89a998d7daeef	bdff1f52363e1e2a4d00d5e5a2d88dbce7c942f78c1bc1c4801a188a33f03298	16252
bin/demo/graphic/pc/p2/motion/p2_hrs0016_00_akg/d020_p2_c002.tranm	081e95e495c53e3d5bc7bbac02866e3a0626671e5f487b9b664eb614e6461007	f81cd36ab25fb5a7fa2b1388cde1fbddd4a21e92e2bd3172a88aa87ecf58bcfb	10675
bin/demo/graphic/pc/p2/motion/p2_hrs0016_00_akg/d020_p2_c003.tranm	9f56ce372d5f049abb842adec03555602c322da87d6ca18a9d80fbb6de93e2d5	67a9ffe370e2dcf1f865e2d8fa8dbfb341d96646d3721e104f8317379d5d252a	10215
bin/demo/graphic/pc/p2/motion/p2_hrs0016_00_akg/d020_p2_c005.tranm	ae4f5c19bd145ea2a4e90502755d4ce835e47e9c679b853517efb060d66ad44e	f6ad1fee34585f0cbd97a379a22743dd8288b5f9b744f5bcfa4173f99541ff2c	14305
bin/demo/graphic/pc/p2/motion/p2_hrs0016_00_akg/d020_p2_c007.tranm	d56b60c747990d666e60365c31d7333c11d41aefed2e04a6a12b535a5ebf724f	3ec7a3b577d27c362b94a2cb4e2c449ae90120e9990559f16b62df119418bfb9	3381
bin/demo/graphic/pc/p2/motion/p2_hrs0016_00_akg/d020_p2_c008.tranm	5cbfff577d1c3b4a46b247b432db25485f99728e126de4cfaa84e317f517a249	94e05c0a561663d35e1cfb189ca025fb3766e3e2489d32b5bce25f06815aecb9	3927
bin/demo/graphic/pc/p2/motion/p2_hrs0016_00_akg/d020_p2_c009.tranm	1bf96585233220350e308e23f648a3b83e7eb7f3e9049a731cc38c240f11e9c6	77b01744f491abaa9b715a3d84fa0fb0208c89874c225a134a3e6211e82e78e0	7839
bin/demo/graphic/pc/p2/motion/p2_hrs0016_00_akg/d020_p2_c011.tranm	e55ea9153d41c0466582b1344c3faa3bce2da1279c945764e8f469369b913ac7	a337907661a9c667a59cb2e732812224655e61be862a81432eba50b9a4b71ed2	4037
bin/demo/graphic/pc/p2/motion/p2_hrs0016_00_akg/d020_p2_c012.tranm	973a7794eaeb9b8ddc5387b5cb3689a3e0d82ca89a9973a7fb6d9fd0120cf1da	75c775b790f5bfd5258b618be806adad3fcf1840a70c40c16fab99a3a078617e	12675
bin/demo/graphic/pc/p2/motion/p2_hrs0016_00_akg/d120_p2_anim.tranm	b41e65eeb67fed0fac0f7dea4ac2a5c7b233566bdaa0926a26609a1b29d32de2	efee7bdfa6a2ce97b8ab29c933de084866237b68ce3e73bb90f0400f17186bdf	29700
bin/demo/graphic/pc/p2/motion/p2_hrs0016_00_akg/d130_p2_anim01.tranm	15ae32810c38ee1b96bb2ca292cb0e4df07d049a09020483b0d4d364653b7087	256ff76d5fc551d2b4d295014444e72f77ddbdf09d91651c00605ada6d1d3559	22704
bin/demo/graphic/pc/p2/motion/p2_hrs0016_00_akg/d130_p2_anim02.tranm	dbdb6bd562e7729a2bbded3c93c15067fa9bfa43451b4e4386bbc6590e504909	274f76df6352c883085b9dce687f13e0cc914f45d135cfb5b43e5b4b2e9d9986	2796
bin/demo/graphic/pc/p2/motion/p2_hrs0016_00_akg/d140_p2_anim_01.tranm	48b378d0c06b3bfee8fde3b6d386302d0accdbc376d090f6e4d0154f8f793716	6ccd6cc8e0b8ec315304c20c100fe0c74bc1e6d9cab065bfc3e24c2b2baa9d6a	2620
bin/demo/graphic/pc/p2/motion/p2_hrs0016_00_akg/d140_p2_anim_02.tranm	6a36170117d716f5339039e5f4606501c18de64789743218fe06081204465e70	cda50e09e25759b715f8930b142758e3ee28a3e0d10497db4cbb3d4d1c0d0af5	4840
bin/demo/graphic/pc/p2/motion/p2_hrs0016_00_akg/d140_p2_anim_03.tranm	8f0a933cb2f0609a2c3ca2f52c5dc30d547da42e3118fd2ac224288f65230409	3b0d109c565cc353f6d98a11d06955569fc3b9c6d4dd0274fa4c0ce8df207913	12012
bin/demo/graphic/pc/p2/motion/p2_hrs0016_00_akg/d141_p2_c001_anim.tranm	fb633485f649c122c27a6bf518bc02e879aa5e995603dc650b33313947698fbb	359a006f7c5919ad22dbe12ddb3f1d4231921302f8596c22a614bf69fd08bd10	7172
bin/demo/graphic/pc/p2/motion/p2_hrs0016_00_akg/d141_p2_c002_anim.tranm	068cbdc2ffa2da9c1b59fcd7f5f80ac3415bf22bb001e70a1f2e9ea0b5bb8dde	940e20696fd6e342aa64620a7e7efd02c4048505a5155c0e367a9bfc981d8645	5604
bin/demo/graphic/pc/p2/motion/p2_hrs0016_00_akg/d141_p2_c004_anim.tranm	38d77153c1cfbe17439442bfa43b73c0a295b2cc34f603f7f10b569c18f243a2	413e3f6d4ee2d42353c58f3fd0ddf55ef378fc064b1a5c69721fe3d50ff44652	4028
bin/demo/graphic/pc/p2/motion/p2_hrs0016_00_akg/d150_p2_anim01.tranm	80d961cf860e6b3e80aed40ede4c9d20c2169345c4b609856597632b235eff45	65d1a728c43e29e42cdae6958439b0d38b5e103e6b49c0e3b8cca0d66b19c811	6968
bin/demo/graphic/pc/p2/motion/p2_hrs0016_00_akg/d150_p2_anim02.tranm	4ea24690e8716d25d3522caca9cffbb62c55278e1d0d48528a8779d337a75584	471493ce9001874609df85d2e905abedaa443b898f86077c28bf55178d15a67b	5736
bin/demo/graphic/pc/p2/motion/p2_hrs0016_00_akg/d150_p2_anim03.tranm	0ec3f9e39d8da2ca6da3c7796a45111695a31525ac6007b7b4ab32a31cde8ee5	ae73c8a4230b3f0e3fa8cbe4ce2e563e0804ea240a92298528ab11ff3b25b787	779
bin/demo/graphic/pc/p2/motion/p2_hrs0016_00_akg/d150_p2_anim04.tranm	1491684603b2905f2479971cebc579a6f959216674405ad6c795cea712c9424c	843c107c2b9bdf139e5509c992467917a1ae9636f85fce1f503fe479534c4aa5	2828
bin/demo/graphic/pc/p2/motion/p2_hrs0016_00_akg/d160_p2_c001.tranm	286283c0b93137bef80c2a44b8016817473db38b8ce2775a056c357ecc1605de	97b2b99807ed22bb5425cb52d3f8179dee53cdef1269082af25ae33042dfae03	4372
bin/demo/graphic/pc/p2/motion/p2_hrs0016_00_akg/d160_p2_c002.tranm	190e3cd23da4bf95c138b8d62721f1523a5d90acd9c7725ce5e4baa0b2d17ca4	02cfa9f4fa8290a810274a571a27bef10404c5a086a300a1ad1daa4b8b56b3d0	5260
bin/demo/graphic/pc/p2/motion/p2_hrs0016_00_akg/d160_p2_c003.tranm	b4dd953ef77d6288e4ea4b0faff715e49d06c1e557b72ce91901399af98756ca	d16cf29a655d51bdd5d062962bc6db81754d93158cbe180cea6227b177c98275	2361
bin/demo/graphic/pc/p2/motion/p2_hrs0016_00_akg/d160_p2_c004.tranm	a227cce3485db54ec352123f3faa81a212ce0eae0607964fbf1e923d2d82057f	db348a07e65b315e642b38a9891390fd1e19818314b821813e736256395ac2b4	10972
bin/demo/graphic/pc/p2/motion/p2_hrs0016_00_akg/d160_p2_c005.tranm	2b936f9794152d51d98883dd236f896752ca0cafc263442c4d77156c7685c45a	2ff3923698ccedd6211616fc95c61b8c890268cd001eb761fca69f946998e554	6840
bin/demo/graphic/pc/p2/motion/p2_hrs0016_00_akg/d160_p2_c006.tranm	34b2d5dd3af234f06d4df7984af67a82a333a119f32da2600eef7088d8b7f9ed	b44a2ed0e7a43523d9adedb7956b26cd187171e7d32224e3a283330876d930fa	3544
bin/demo/graphic/pc/p2/motion/p2_hrs0016_00_akg/d160_p2_c007.tranm	6c05ad0a93b862bbb6b56c360c07730937d6964dc3227af40f363f9cbb42d54b	1b500fd79beb41665032e28f8001af23173990ddb7309aefa2a20a8d5fe1ec0b	5744
bin/demo/graphic/pc/p2/motion/p2_hrs0016_00_akg/d160_p2_c008.tranm	8b784a10ef9f673e208e627578b1ed58a073dad3c74de8b295278a2493cbc0db	56db4bc47fc3acb02436c129729770f5492cb3d7e37e3f005479413ae22e0831	15040
bin/demo/graphic/pc/p2/motion/p2_hrs0016_00_akg/d170_p2_c001.tranm	a085ee57e5c8c993faedf2620e709c962c2d473e3f6e8b7381216a1354de88a7	cba08be21d5f53f3b3e7df43a54105ddea2e6d1ea1f19642aac006527f072e16	1868
bin/demo/graphic/pc/p2/motion/p2_hrs0016_00_akg/d170_p2_c002.tranm	dd1e8f7e4dfce2165c9cc41cefe1a851417d5c62966a9e33da63aae1dbb13b04	a87b7dfd9670c25fa1a72303f39fa32a0eae45d2e281493b652756e65e05ec1a	5068
bin/demo/graphic/pc/p2/motion/p2_hrs0016_00_akg/d170_p2_c003.tranm	b1618fd5e2e052d43fb64b78fefdf6a520d49c7b711388ca457bc65d5361ceb4	bab9a5eea0871d71d910a4ef5a6ca079e6342dceacb9e0ef0ba6765a37ff9f3d	6736
bin/demo/graphic/pc/p2/motion/p2_hrs0016_00_akg/d170_p2_c004.tranm	64a031dccb98d0a3ba255dc2f19908fac54c3cc7b5a6c301a931652148bc2d4f	cbf266cf0d8ec5796d8e85d848ee7cc2b237ce9f769cccc7eaa8b7d4bf0063a8	2568
bin/demo/graphic/pc/p2/motion/p2_hrs0016_00_akg/d173-175_p2_c004.tranm	8ba3defbb97e73da8d8ec021642fbabe57a05fee8c5dec569e2467d00fd8bc55	cbf266cf0d8ec5796d8e85d848ee7cc2b237ce9f769cccc7eaa8b7d4bf0063a8	2568
bin/demo/graphic/pc/p2/motion/p2_hrs0016_00_akg/d176_p2_c001.tranm	40922611e946569afc74195a18ef1d23e62a295c4d511f7d0583fb546f5debd3	9c7fa82dcf2267ec31d4f36bb6121a406f1ccac5448061e202d156292a59ba68	2308
bin/demo/graphic/pc/p2/motion/p2_hrs0016_00_akg/d176_p2_c002.tranm	f3da04b93db1787ded83a64a39547f49ade47d268449c2ae1c4f21558886c891	81a55b16084262ac3b4600a706ce6977040bbcf6486be751181bf6a915b17312	6284
bin/demo/graphic/pc/p2/motion/p2_hrs0016_00_akg/d176_p2_c003.tranm	bbb9729983c2bbe24119e7c480811153fba6b7a042781490e6ff3304e1fdacf0	dfafdf1d310c5b96cce6bae6397e90bb5dde785f9ee280d4a5a23ffb10e6ff79	6260
bin/demo/graphic/pc/p2/motion/p2_hrs0016_00_akg/d176_p2_c004.tranm	330403ceb94777ed0fc85f7a57ef8bb7cfe39d55115940dd03bda35c7f902ac8	3c50a0ee77d0def24207f1a067d46d9f49caa4c776d6af245d5c40374e954682	2592
bin/demo/graphic/pc/p2/motion/p2_hrs0016_00_akg/d200_p2_anim_c004.tranm	9cfb6e8e0019891d77e3d050e248aed4ff49047a422657e611a5343765fdad6b	dd9bfcddf18b356b2638a419cbfca78803494f8e1e3bbee0992da544375b772e	16552
bin/demo/graphic/pc/p2/motion/p2_hrs0016_00_akg/d200_p2_anim_c005.tranm	16b6c6dd7c0f8e62ad2cb3d63682ea5202f0ac94ce11e55d818956d50afd960b	713e4017d01160ad8c14a08ab30104564b89ee054bea54d583af846dbe6b17e4	17300
bin/demo/graphic/pc/p2/motion/p2_hrs0016_00_akg/d200_p2_anim_c006.tranm	9578cc4ce39fc6adedf7e0c810659e2efbbb32e978bb284dfd8eb28e9710f7bf	c4ba8c7bef9c57d34eb2ea21f7b51994f3ccd3fc1972812362798059a5339ce3	21312
bin/demo/graphic/pc/p2/motion/p2_hrs0016_00_akg/d200_p2_anim_c007.tranm	a680934cb3c9979b8d5124335cbb1112b8fa9f92a9a577525de6ba12720d1287	23974ab484b1481a515dd37c1ceb15661c2980ffd1ab7b4f50d4601f449b5757	19316
bin/demo/graphic/pc/p2/motion/p2_hrs0016_00_akg/d200_p2_anim_c008.tranm	413e6f082f269176926565a7de4e52291f94f0926b4bb24deb521ce28e5cd27f	4fde802c4f1362c04f4161dcc09630579615194eed55efe5ce2857544fee9586	13016
bin/demo/graphic/pc/p2/motion/p2_hrs0016_00_akg/d200_p2_anim_c010.tranm	0c03500f78666b184b81cda8ba622962929646d853936445b49cb060bc4d9156	56dfdcdc9adbdcaab1f242b0e1d5c2010e9a5e8ab4cf00d80606bcf523441974	5904
bin/demo/graphic/pc/p2/motion/p2_hrs0016_00_akg/d210_p2_anim_01.tranm	158b2cbc452c0cbcc1855811c843c2f3dcf0bedb5eac8751983baa359fc76eb3	9be0d939c5a5a98314f36e9a987591e1f5ad59fe603e81f569328e9b2ea37d68	14132
bin/demo/graphic/pc/p2/motion/p2_hrs0016_00_akg/d210_p2_anim_02.tranm	3c6cfc271f3471e9e25cf21b4937a026c264dabddcb3b7540b11dd6cc02e86fd	4f783abf78ca794e8cde03e51e4ddcb314cf76760077c60d9e66907599a5f2f0	4360
bin/demo/graphic/pc/p2/motion/p2_hrs0016_00_akg/d210_p2_anim_03.tranm	8e2cda122ca2b84436a508ce3b66b45163460544acd9b5e6581e2dae54ef9a89	d42441006298db60c2e1336b47c21d1fad7b4ed170e2e274b8786b63fd17ab64	20932
bin/demo/graphic/pc/p2/motion/p2_hrs0016_00_akg/d220_p2_anim_c01-c03.tranm	d92ef4e2522634a6564ccdde10182587792bff3a7d9122a572220385c83b15cc	f8feabebabcf740055ea26eb533b12a64c3c3a90e7438fde093158a2b5b84613	6888
bin/demo/graphic/pc/p2/motion/p2_hrs0016_00_akg/d220_p2_anim_c04-c09.tranm	3664c37fe409010c7eac27bd5eaf8d9e17095fd83d5a0f81f8fc0009290d1bd6	7d812d1e929ca18b8a73ea0c430eb1b44c322579661024f3c5a69fee270ee9e1	11712
bin/demo/graphic/pc/p2/motion/p2_hrs0016_00_akg/d220_p2_anim_c10-c12.tranm	137563141239fd0e83de9af7674278b7ed2fa80f4554dbaaf6f56e6252681557	b653ec7c2d633454e491f0a34da2eb41750da546c0cda53e998e65ce5740ee64	4994
bin/demo/graphic/pc/p2/motion/p2_hrs0016_00_akg/d220_p2_anim_c13-c18.tranm	1fc4082c89b32052d0e05a8884049ee6286948c3d75197ae97e90b8169560fd8	c607d7fccdec1a25131329541c042a14b99dfb3fa86243e1200b4b1f183c13f1	15256
bin/demo/graphic/pc/p2/motion/p2_hrs0016_00_akg/d220_p2_anim_c19-c20.tranm	7a6b0fa08b69ca56bc6817b8ed94004cf86c0cba5bb5af6ccc9e635c09ec1c1c	d449cc639379bc4b3bf2447601a206a5bbace19dcd8f527f2fd4b96db9985b3d	10924
bin/demo/graphic/pc/p2/motion/p2_hrs0016_00_akg/d220_p2_anim_c21-c23.tranm	5bf6a09fc41be9620176fa1842172d678db52dca2c8752d38f06c10491478bc3	72030f9803554933176752163e8f8f379525e518189e683d596d5f2be1c7eb6b	9372
bin/demo/graphic/pc/p2/motion/p2_hrs0016_00_akg/d230_p2_anim_c01-c04.tranm	b31b084b50795a80724a28f5a0f77ae5dd1e446c309334f60869946ac17768fc	314b715857155d97b4eee12b6c555877452ca985e53935579b2833acaef1abce	19168
bin/demo/graphic/pc/p2/motion/p2_hrs0016_00_akg/d230_p2_anim_c07-c09.tranm	7f65abf15ceccf1bfa4791a6f140cf3e25962d31a18303d968fd3c5fd355c3f8	4a62433799226a70f1ebe85eed5da2f27e643668c70e527e0d64c31646886836	9816
bin/demo/graphic/pc/p2/motion/p2_hrs0016_00_akg/d240_p2_c002.tranm	f8c33acf965b5abf3673db193b44f7c80be2cd37336170b1699a3819a8606fae	700491a2296018044125c190a21319cb308d82546e128cc1a12aee0639e18025	13716
bin/demo/graphic/pc/p2/motion/p2_hrs0016_00_akg/d240_p2_c004.tranm	ce2e0c6a3776f98252c214b1f8335ee58b2270dbafba2438fe399086d9d7a14e	f60fc7cf2cb6d536b49db5f8f3e5a0ed1571b4e3da0e79960b0872934921f94d	7736
bin/demo/graphic/pc/p2/motion/p2_hrs0016_00_akg/d240_p2_c005.tranm	49b625237cad08a4327fc8cfd4ef67cf8900328a7a47b20d50c7a82b43cba0f8	4e7a6b60a7220609c0ae2cd140cbc41bd41da61cdc7b99039e367fd253bd75cd	13120
bin/demo/graphic/pc/p2/motion/p2_hrs0016_00_akg/d240_p2_c007.tranm	146f887656a16d5a9ace1062f00edfb0e2d038f82c379a187c522f335ab75996	ad9d8f839c55c6deef53f80ea08723cc9e9f1d41df3becd7baa50f8965b2f046	5576
bin/demo/graphic/pc/p2/motion/p2_tps0004_00_stock/d020_p2_c001.tranm	afaf3b6ad6fee3f72164ebca08266e32df502f17a036d5d2a4fe313a6608cbd8	ac467dff4daa9683456a81a6ae9adb7cf78411bb49e26168060840ea83c4a2f1	26026
bin/demo/graphic/pc/p2/motion/p2_tps0004_00_stock/d020_p2_c002.tranm	92099b20818477dcc364623d6026e177232870be03e1c2129039a0229f028565	b6bbf10da7999beebd87f9c2f468d6ff4b4a8af8d036b60ea01318f5cef837bd	21824
bin/demo/graphic/pc/p2/motion/p2_tps0004_00_stock/d020_p2_c003.tranm	a3bfb96df5020dea06c889465a4b324152408db1b51b96dbd1f18926929e9e10	2e2940c3ec1c9b1cf7d3ea6bd2b4ee3c5e92a315128571b53bb98208702da067	21064
bin/demo/graphic/pc/p2/motion/p2_tps0004_00_stock/d020_p2_c005.tranm	fba05cff09018229d9cf867f9a9f938d373a6922939ce9a4697a87250e9f953e	cbf400cf3c6cdada688f32b5688650448f4297a770d6f5b2d588a6ba1f66b398	24716
bin/demo/graphic/pc/p2/motion/p2_tps0004_00_stock/d020_p2_c007.tranm	39a6881b6d005cbb4a4269d5ed2bafa2ac1398cef6bdda919e2844424cd9de15	ab26b4d4292a1ccf8d9028a6aa87eb5f6e2f5f6d4b975815da52f509bbbac4ef	5036
bin/demo/graphic/pc/p2/motion/p2_tps0004_00_stock/d020_p2_c008.tranm	fb28341cd40d66c4b56083478adfad04c7364352e5889e7b6bed709de25ffd71	b53dbadbed897d12b09793bf98e6d913bf81f7da49fd4bb6de5482a7af48d72d	4540
bin/demo/graphic/pc/p2/motion/p2_tps0004_00_stock/d020_p2_c009.tranm	dc14f67ed729c0f788739fc793283501fbf1b7b36c377f24ec944bc1e67565aa	90a8538543a4004c697255fe73d21735d5073ec1a5c35537de1559d07b3de236	11668
bin/demo/graphic/pc/p2/motion/p2_tps0004_00_stock/d020_p2_c011.tranm	279ffb0033275f5b6dae75231f9ce1c2070e3608c9c8ea3ead9047e8db8e83a3	45f9dc6c074a58b83604a722249f4323fe4e2feacffe935ed99dd617a0d014bc	5416
bin/demo/graphic/pc/p2/motion/p2_tps0004_00_stock/d020_p2_c012.tranm	4c9c329beb26d822f3f353e10c403804dd9d2a2bcea22ea0806055b82cb18e4e	359be9458cd3c4972cbc2b8ddbc31be4e795bad4e7446599e9b499762063fc93	13472
bin/demo/graphic/pc/p2/motion/p2_tps0004_00_stock/d120_p2_anim.tranm	3aad2f3411a9d1ad59dd9dc266668d78ffeeb72c55f4c5ac7670d9c5e2087006	b832a136a3104553e8d0a6a5ab48748a0abc0761135f21523c86d373aa7a699c	41389
bin/demo/graphic/pc/p2/motion/p2_tps0004_00_stock/d130_p2_anim01.tranm	f410fe5da00cd965e481b3322aeafb8cf9a49bfe9578e4e4687bd75cb9eb2a83	d9e6cd25aa453ddd1efa0ac285b049e2585a29e686dafa9c9930bbc6929913fc	36748
bin/demo/graphic/pc/p2/motion/p2_tps0004_00_stock/d130_p2_anim02.tranm	83bc5d8d1f45000313748acb64944e0065c91224e8e3c54062b75845bc626da8	6a688a2dbdbb58d86cabc263a056e1b35f5ca320592f25dc8571cf9b8fbbe520	5400
bin/demo/graphic/pc/p2/motion/p2_tps0004_00_stock/d140_p2_anim_01.tranm	937a6594194b261e3eef015d811cb36b9e09646429c94ec4c36098d91b470554	f01c19a51014732d3ad2240029076cd9037b0d01372a531b8cc224440d05a745	4216
bin/demo/graphic/pc/p2/motion/p2_tps0004_00_stock/d140_p2_anim_02.tranm	2ed14e783d2f39cc686be3ab6b356e387f0ed9d8683eaa284925335b158c4924	686d8453d862da1cbc73576672c4eaa7d22b090726807942a8ec2d92e62a59e3	5296
bin/demo/graphic/pc/p2/motion/p2_tps0004_00_stock/d140_p2_anim_03.tranm	c471fc58f08ee535de98e8c32a2031011123747a08befa1cff54fbdaa762f031	83b6e7ff2cbf00c452f395fef261c061ac85193a304db5278f8dd649a1867671	24308
bin/demo/graphic/pc/p2/motion/p2_tps0004_00_stock/d141_p2_c001_anim.tranm	2812245f45da4b1d9d8acd13a39ff4d06dac5d7918676e3e6c0c3a864f48625e	cf8e827183588f08fb5d5c6b43ca5ab322ce0aa91c5efad9d2379f3f69df0fdf	16914
bin/demo/graphic/pc/p2/motion/p2_tps0004_00_stock/d141_p2_c002_anim.tranm	ed8ffe9e4383759b6db0bf11f0b162c46057c5b910c0dc6ab8cbb8569a209aa6	2ff9cfb3611b28e210e7f037447e603cc3df13523ace6455da8692a650d5a0a9	8144
bin/demo/graphic/pc/p2/motion/p2_tps0004_00_stock/d141_p2_c004_anim.tranm	5b0dae9511bb223712a9aae32c8b4db88629535967bd0d365d3c31e12728dbd1	8a67af27521f24787edbaef9f42c53ba40200e1240c712df299dfbdaa298c166	6824
bin/demo/graphic/pc/p2/motion/p2_tps0004_00_stock/d150_p2_anim01.tranm	fa76dd39455dd1994bc237bba8c10c78ac2d1b8468afd05ba9be68c2498e26e6	8f8d3b183e8b18b046c26d9c8675a1db5b4e06f603e62274596ad2ed72af315f	6248
bin/demo/graphic/pc/p2/motion/p2_tps0004_00_stock/d150_p2_anim02.tranm	ce28544a3c8597d9f1b1c487287a3012b86b8ebf5ba8dd6c942b9a16171433cb	2e353892f004742f50637c8f3a45c8a65b4a0bddd710643454b9fe20543c8ab0	8780
bin/demo/graphic/pc/p2/motion/p2_tps0004_00_stock/d150_p2_anim03.tranm	593d2d513b27c5b87f47a2e2c536b6f3b15288e309527b3a0c638dbaabd0326b	f68f1dae58cc25627fc3b232b134c61b1f8952a883580643dcd7d882b60596e1	1188
bin/demo/graphic/pc/p2/motion/p2_tps0004_00_stock/d150_p2_anim04.tranm	cc8aa521c7cbbda8d1a74328328625c991099b023782f2bb5d5632d136e06a03	97116a51b99a3ad68daea4074a32cb76b713d01062ec4940b686bafdc260d3a3	5604
bin/demo/graphic/pc/p2/motion/p2_tps0004_00_stock/d160_p2_c001.tranm	a9a0f708d101f5f8fde7ade7e83eec723691cb84e61244995ad6ab0963df381b	a1a285bfdd040e717354a7b21baf9797c7bae17fd0a096043c25521bc045e2b6	3592
bin/demo/graphic/pc/p2/motion/p2_tps0004_00_stock/d160_p2_c002.tranm	bfc05534d44eb88abc3407765efb550b88e072fae2365fe3d135b7e376aa7332	625f6ab2c474747ad75f93f987863d9fa215d9855a7442f4e4bb9c0ace524d72	7096
bin/demo/graphic/pc/p2/motion/p2_tps0004_00_stock/d160_p2_c003.tranm	3e9ad61a583e4679d64340561ab5b3b870a3855271503cfcf5a44fb351b2a4f4	1e92b2414d2e4c034347854de3b40e388bd1768990833b9268cf3662855cb463	7580
bin/demo/graphic/pc/p2/motion/p2_tps0004_00_stock/d160_p2_c004.tranm	a9edcd9126f04ba0a904a4123424c91b512799a86cc085d0ca15647f8992cd55	ed1f0cb8c89633b3d8abdf3a6abf3beaca0c0c03c3a6f237549b06df2d402bff	20366
bin/demo/graphic/pc/p2/motion/p2_tps0004_00_stock/d160_p2_c005.tranm	4f5c78cf592503a62ad6a324910cf491f0742ee35f115509724191340cb5dad8	46586b722970e4c5d5602fde5ed366eba67ff309547de75926ef357cca742712	13290
bin/demo/graphic/pc/p2/motion/p2_tps0004_00_stock/d160_p2_c006.tranm	29777bfac1aebe6710d6ee48384b55961fb87ca5c198c21b96d92434c498773f	bef0dc141b24b4dad8c25a6ff9c18bb1b7b2e9c58ce29be3bf3a9ed62fc44ab7	6498
bin/demo/graphic/pc/p2/motion/p2_tps0004_00_stock/d160_p2_c007.tranm	617df5122c49787bf9b9d81476f30cbe122f40f2b76fead11066eb3a39f0b32e	e55059c94e6bf399330049ec52139b256390bfd817120acc75fa1c9260a9289f	6406
bin/demo/graphic/pc/p2/motion/p2_tps0004_00_stock/d160_p2_c008.tranm	8f64988b12dfc0bc32ad2d4ee0fa4696436355d97ad36b4e179d89c96c91015e	75422cb56f073d4d4f523c38105bc379777845a2719c4ec0b68932835ce730b1	30866
bin/demo/graphic/pc/p2/motion/p2_tps0004_00_stock/d170_p2_c001.tranm	1d906375afec2b716cda4f64655a733c3d69ae92ff7f7962131d8778f7a9c76f	c8edb4c4fe5e3bb421b7ecbf08fceda43260f8b88643053ff095cde7e55b7a8b	2224
bin/demo/graphic/pc/p2/motion/p2_tps0004_00_stock/d170_p2_c002.tranm	2dc1c8e2113a739c228e34386be1fcdff1121e784b3107c1354d49a5dd7858a2	60210cfe9e4f6b07dfded2467e9393211b0b5119fea087b6ab9f51579708c248	9880
bin/demo/graphic/pc/p2/motion/p2_tps0004_00_stock/d170_p2_c003.tranm	e585efff6fd52bb3800997f617cb421a444a00c0f833ff333d186d8399751c9e	c8aedeb82d69a39b40b319f5f8eb0e9f31585b0af98ab8fc4d5bac443cb9214d	6764
bin/demo/graphic/pc/p2/motion/p2_tps0004_00_stock/d170_p2_c004.tranm	eff92ec6366e034fba7c8f9d674694144106ac4dace8ad3dfbdb2a83f9ca59b4	ac148ebbd01b33ab58743232897e09ae66860c357ece15431cf0146bbf27c1a7	3256
bin/demo/graphic/pc/p2/motion/p2_tps0004_00_stock/d173-175_p2_c004.tranm	552035e86e2240e6fc3642662c01101886352970e8700b3423cee8cfa27b9054	ac148ebbd01b33ab58743232897e09ae66860c357ece15431cf0146bbf27c1a7	3256
bin/demo/graphic/pc/p2/motion/p2_tps0004_00_stock/d176_p2_c001.tranm	651238f69e0d088e6b19016ab68ff48e0fd70ff86c910270ad65ccb07bf05501	113afc5da2532dace72b3fbd68d2bfd518b90068c88ebc6ceedcf186659c1b57	4830
bin/demo/graphic/pc/p2/motion/p2_tps0004_00_stock/d176_p2_c002.tranm	06a87d14d5550d4e7874ebeab5464106fa53d22685b6bd7f3d84c704f47ef164	1e84ef1fa9dc6f9bac16485c568d46024647fd2b535442cfee4f6d65a3911632	14962
bin/demo/graphic/pc/p2/motion/p2_tps0004_00_stock/d176_p2_c003.tranm	fb30a1835cf622fd19ae1e03d5654c430e972e93dded8aad7b7dbfa1c35873f0	8d1ed480729c441a8c50c8788baa8b845973ac9e51209876b4058d6fef0d6dc6	17234
bin/demo/graphic/pc/p2/motion/p2_tps0004_00_stock/d176_p2_c004.tranm	ae554695b5bf1ca2423e98707dcb4c03fc2a61724848d9570a5db1a956341144	a0a12275ecb2d77f50ad3e63a00b03d3bbe7daff21dd7532ee2c0501bccf3add	8666
bin/demo/graphic/pc/p2/motion/p2_tps0004_00_stock/d200_p2_anim_c004.tranm	aa2534509d88bb4a91108999dd6b33de4949c7bbf8957637e9f807949f89a7a2	beb482298312c5fc489d74539fe5e0d9480848cbc44b4e2ccba640ff1acc3907	31524
bin/demo/graphic/pc/p2/motion/p2_tps0004_00_stock/d200_p2_anim_c005.tranm	fd9a75ee4a82e4520f577ac2331d8a1fb5e3e66bde824196158c19b91777057c	15c85c38f3e5306473789b0e91175a4c15bb65b3200ce0936f829c8fd710ed9c	28704
bin/demo/graphic/pc/p2/motion/p2_tps0004_00_stock/d200_p2_anim_c006.tranm	b5119410827555e42c396ce15ec57da3fa7798b07f8b96541da17c37dd05574d	c4ba8c7bef9c57d34eb2ea21f7b51994f3ccd3fc1972812362798059a5339ce3	21312
bin/demo/graphic/pc/p2/motion/p2_tps0004_00_stock/d200_p2_anim_c007.tranm	02846cc07232863a4a01fc27d05e5766fd44fbb1cececc770d7e14d203f21690	d3c959df3790dfc8a3a4bc0fcb8e65b8e732973c8dce2a36f5d08dcef99e57ea	35876
bin/demo/graphic/pc/p2/motion/p2_tps0004_00_stock/d200_p2_anim_c008.tranm	ef361fb5d8e398ffc0473c37f4eb425b4b59c88709da88666fd99d2ba8fd1e45	57f6abe4c37959a5a0c4a20e69446fc18184ba931590169e6d4a201c42391d4e	25984
bin/demo/graphic/pc/p2/motion/p2_tps0004_00_stock/d200_p2_anim_c010.tranm	27d0b810ce46d549772bc56cf45e70de320b6dde8fd36bd767d627da3a4b9280	187a56b5a5c57d91ebfbd7e868244f6aa6262758a1e9d25784befa53326661c7	13022
bin/demo/graphic/pc/p2/motion/p2_tps0004_00_stock/d210_p2_anim_01.tranm	03b359a4d4cc858cbab8b3e8d25134d8bfc82b6434f98f46219ab587e208315f	57ebb9c1619768dbf577705313796935688e587e7a5e4700168243228e4e1df5	26192
bin/demo/graphic/pc/p2/motion/p2_tps0004_00_stock/d210_p2_anim_02.tranm	bb617c535c1ca09f31fad15f5660628197d61e0b1a661d6f8e774f2cf56fdd9b	2f23dd8a4ceb713d588ad255b19cdc52b7166bf026490085a8219dbdf2f9e037	9964
bin/demo/graphic/pc/p2/motion/p2_tps0004_00_stock/d210_p2_anim_03.tranm	182bc43c20899646c4d66ffc80ca2e3e8d869e49117d2d719274b3cf7d5d4ea3	b5b011b2ec9814d51fa4f6b8ae4927d072e7944059e4fe5685aac48107aa6682	28044
bin/demo/graphic/pc/p2/motion/p2_tps0004_00_stock/d220_p2_anim_c01-c03.tranm	c413bf38017dd9bc9fa5d0036405aa60a56b4c61c7b7c0f2317eab23ca7285bd	fff7c8999dd7b6e9a1f35bc3a2f0c5e2e683474a41134aa72c1146b6509cb591	11596
bin/demo/graphic/pc/p2/motion/p2_tps0004_00_stock/d220_p2_anim_c04-c09.tranm	b52ce1b08ebc8a87d8d856c0ececd548a646690797be72563eca9c2e1e5feb5d	fc1571f2a82e1799d1c1e843f6299bdeb013ec1a75c1c95aeaa6087b50432340	17900
bin/demo/graphic/pc/p2/motion/p2_tps0004_00_stock/d220_p2_anim_c10-c12.tranm	ef08b8a4e589ed825c1a47b1e921584a629a461ebbe5864d170cf7fb482b4c35	a9b2514446cd5d990350c71821f69a96b7f9c2206664c1305ea68cd037e80ef3	8840
bin/demo/graphic/pc/p2/motion/p2_tps0004_00_stock/d220_p2_anim_c13-c18.tranm	b20fc7e1e3f5b33de1a9eecd20ed3016b371b0a4d9f1883b55981fd6b8c2377d	0a1154e665936febcbf510aae7a1f9db5888e6960ab0d30cc16674893b439e0b	17988
bin/demo/graphic/pc/p2/motion/p2_tps0004_00_stock/d220_p2_anim_c19-c20.tranm	75b8e9267b369dc063c5af656912710c4381c9c872c8fd48cda37f6b095fae35	ff6afe6ff43b6e38b9bfc3c99e0fb2c68b909f6c862512c3fd8536788199d6e0	17048
bin/demo/graphic/pc/p2/motion/p2_tps0004_00_stock/d220_p2_anim_c21-c23.tranm	e1be193a89ed3a4dded25a282e5233afbadca270239ee839cf39cdc3b17beb1c	0832794d0732d9c1d3425518c9c65ce6cd57bd3f0ac4979c20229309ef0feeff	15048
bin/demo/graphic/pc/p2/motion/p2_tps0004_00_stock/d230_p2_anim_c01-c04.tranm	680a049c023596c01ac9a60f0a833f1c185fbba6683c68c10abd9728747ced5a	739514acc79aa776edd40f56f2eaa6951c1b380b92779d196de82aff385853ba	30164
bin/demo/graphic/pc/p2/motion/p2_tps0004_00_stock/d230_p2_anim_c07-c09.tranm	f677bea01e5eb881eb1b0f76313fe2c98fe02f4b3fd0a9932005e6f478e7b39a	d7a2e0193ecadd88809a2b13a2bbdacc60f0c5f07cf5f4383f458be626d432b2	12316
bin/demo/graphic/pc/p2/motion/p2_tps0004_00_stock/d240_p2_c002.tranm	98ffedf4489e8f73efe79ffd8645365b23ca66ff92c06c57fd1cfccb83249eb5	40a32250477a29f54efa089f9c908c92ca3966d2c677f5f2b6523e26afaa2a32	17262
bin/demo/graphic/pc/p2/motion/p2_tps0004_00_stock/d240_p2_c004.tranm	f0ced5765ee757220a420da42f09df546e1cab7ad2d3b683103e122887471901	e1db945e94d3efedb14439b4e36a96a2afeee3611e5b77e051dab0819d97e6b2	11802
bin/demo/graphic/pc/p2/motion/p2_tps0004_00_stock/d240_p2_c005.tranm	913709d8466aa6463a59d7b9d0a930d0e1c5c89baa47aa6042a9d2a720f2a2ce	ab2a71c3245560380295bde4a86f789b3a0093cbea647ebd4c2c8f59f417645b	20862
bin/demo/graphic/pc/p2/motion/p2_tps0004_00_stock/d240_p2_c007.tranm	7b16eda86bc3d25b74736c08dab55890027288c26101cb1fe0c39218f1211125	6bd90e6657ea66c2e0e70b2dee91c736de8cf774c9494ef593ddacf561d49388	10966
bin/demo/graphic/sd/sd9130/monsterball/anm/sd9130_c001_monsterball_anim.tranm	b96a562d876a02eae347e9e55cc34b871d185481c5edc917ed41b916d2547da4	b65c2102eb5e65d687a91ed144419deef8cdabdef17ab5da3b2178f10f93a9e6	12706
bin/demo/graphic/sd/sd9130/monsterball/anm/sd9130_c002_monsterball_uke_anim.tranm	9b9b508c900462d98526c06bb5c705640bbc99d7dd21dfab94df11aada6516c4	c73a760efe6daf654c7c705a94775d93cf01b6402f053d871a905f2e7e22fb5d	5143
bin/demo/graphic/sd/sd9130/monsterball/anm/sd9130_c002_monsterball_watasi_anim.tranm	363a9cab04927b31fde953cf5e499df8569c4cc2e622f521203580ea81236456	064e74da7d38d5db3e09a2453eb48202a136b28fff65e394af13d6252a2b0444	3539
bin/demo/graphic/sd/sd9130/monsterball/anm/sd9130_c003_monsterball_anim.tranm	f4d8e22ecd8253a5aa34a586c343c505292d1da5a92c83c2d738a7e3823b20a5	14f80c93bd9072d55a2e692a445b8feaf03c3434acd88ecb6722082d4948b118	4273
bin/demo/graphic/sd/sd9150/Hikari/anm/sd9150_Hikari_anim.tranm	7adff344405df5ff7706015a0400ceca3034a408580a9a1a4d1b38de6e5a4ff2	e27272eac8c432a10787ef86a8918815d8a1c13610ecbf6d90d794629fa6143f	5245
bin/demo/graphic/sd/sd9150/sd9150_mysterygift/anm/sd9150_misterygift_anim.tranm	62574d03b1e9454dd7ccb909158ddbcda410224cdb158555f8ce53e7eb237541	3f19bbb0a4661b00f2a82205e224797efcb14e9f5303262ded582c1033ee831e	29190
bin/demo/graphic/system_resource/capture/ob0201_00/anm/ee101_ball_01_open.tranm	f67a6d8a2d7b6e9e35b6f9d1bec21170d2839a6e2d43def71f88af81173a88b8	f1f0752e55e2c75e61a126c6db6b59166e67e16fbda376f9ff89c34208d8a1f9	2540
bin/demo/graphic/system_resource/capture/ob0201_00/anm/ee101_ball_02_close.tranm	9d1c5712c6ba1c69b917347bd856a4abc1ce4d1423a3bfd13e9c9583da446b6d	a02c404445c988b4c678db3e0bf2d031635cb28d31e911275bf988fc46fd86ee	2540
bin/demo/graphic/system_resource/capture/ob0201_00/anm/ee102_ball_anim01.tranm	3a1e502d5f1f36f597b1e0283702500b4a974c7ca79d9af5bd1193fd658f6e4e	74b753cce9830df2d45d38bc281730b7033d077d4fa175670e505af72cfd14a8	7591
bin/demo/graphic/system_resource/capture/ob0201_00/anm/ee104_ball_anim01.tranm	0b3f2da4c0053a368d69ff3b2156795fb3812c5dbfe2afe6bb14b1c70319d79a	b04c231d9f9453b439ae1ad34f191fe699371013cdd83ce8ecd63d77233f5dd2	4975
bin/demo/graphic/system_resource/capture/ob0201_00/anm/ee105_ball_anim01.tranm	7f7027f1a72824722fd7f7aaa0a7e4b8b828424afd20362a4d56a6ba9bf87640	82f545acb0a843dbfe5de181aa1e440d5955c98ff5a45eb6ad291f53ec359a00	1425
bin/effect/battle/model/anm/ee101_ball_00_throw.tranm	96982c1a551ff063da3542a317767bfd284848245edfb1cd065530177ebf7ff4	2228794d6585161821a8fb8fb21bb0a0e5b5d9d642dc5cf6e8497aec9f7d1910	2176
bin/effect/battle/model/anm/ee101_ball_00_throw_big.tranm	753e82d5aecc03e8999e031c5f79d012729c3ae975be28ccfef70eda4b679cc3	eee8b93c436965cab821c6a83589825f7242b3be4b2b881fa3bdec2c67c05da1	2176
bin/effect/battle/model/anm/ee101_ball_01_open.tranm	f831d67ecd16408e1c2698b06a463c43588adc15d365ee30e2c1da1316f2415b	fb4d270f643079ceaa54816d8c4101fe36eef20ffe13c340e0d0ba07d272d3af	2269
bin/effect/battle/model/anm/ee101_ball_01_open_big.tranm	77b27ff352e17f82ca8c243e609904a702d3ffad1f9fac19bfdf990b70ac07ff	d8bc4d0a5d50784f00b440cb3291d3bfd817f5a3129a17a89287f124d96513b2	2269
bin/effect/battle/model/anm/ee101_ball_02_close.tranm	2674076afb7592d3b99099595c8ee7ab6c71bef03ff29b70c1b8c060091369f5	82ae1746d360f28ad53c65107b3bf5b684360abcf06aa68c6d20854d5c97af15	2269
bin/effect/battle/model/anm/ee101_ball_02_close_big.tranm	69d793c31430fe47c3d94c477a09c6a20d712aa1a0ab2ee3a4be3eba58014037	383467c30d688bda31dd343ec45e4738e39f944a815db5ae27c4263935d19141	2269
bin/effect/battle/model/anm/ee101_ball_03_fall.tranm	7eacd741a36c02e10ae489b851fa3b9b78b22150358c8a4ccfa26a35fc662764	1fc1a23b004c97e0328b815228881fb5803f185a8e8e80066a47658999539075	2788
bin/effect/battle/model/anm/ee101_ball_03_fall_big.tranm	801dcb10604340960dc3da74219e2f5d37fb03726aae4d6d480cb50e6b044834	c43918b1681652526e81b2c5b53ef75837063d6cbfaa3b49af72d5429c0a7aee	2860
bin/effect/battle/model/anm/ee102_ball_anim01.tranm	eda803a1414da3c252cff21f45ec2153c40e7f8eebdea2eb49cf9595b819b407	3a3dd2297903a106bd515b0c49fe3f13a51bbc5d270efd39f6d8a4b3ba927dbc	11355
bin/effect/battle/model/anm/ee102_ball_anim01_big.tranm	326d9b315e44c0934f240b082a1aeb92e29c2684952049f94cd33ebde1dc3c8c	680f505a67f8676bc1b27941b2baa308a1edad93787f7e7a7892f525e964d4d2	11499
bin/effect/battle/model/anm/ee104_ball_anim01.tranm	04d6d4657e7e28ada5f375f77a2e2d61b2a80a7e9276e8febc33db3a256b6c5d	918b60f882909fc26410f5bb5882775b78b6890e19c274cf41ee81dfd340d43c	6339
bin/effect/battle/model/anm/ee104_ball_anim01_big.tranm	967567c49c2d5854b60b61a44e752980610668b3b2243b96832fb36fcbfd4a7f	2c346aa55e579ad7031e654d93205f9582897225c43fae98ac63ed0bd06fc756	6579
bin/effect/battle/model/anm/ee105_ball_anim01.tranm	46f3b7c3c652adbf5d8ef1fcb8f857cab0e3f264752b5a5e76de1d9f6e903841	43bff4c41bc28dbf754b6af5f86ef4f74d6b211fd5da1130295313a21f9cd203	1984
bin/effect/battle/model/anm/ee105_ball_anim01_big.tranm	1a6d741005c2586f9b926dd1c1b73701482acedbce31128ebb4c047b2817b09a	c8703edaf475da78e6577f58c3d19fcf495b22e27375fa65099fe3f17a821dc9	1984
